0 0.35000000000000003 0.15 0.10400000000000001 0.084
0 0.5680000000000001 0.124 0.108 0.084
0 0.529 0.18 0.066 0.064
0 0.593 0.225 0.09 0.09
0 0.381 0.214 0.10200000000000001 0.048
0 0.506 0.232 0.088 0.07200000000000001
0 0.511 0.303 0.078 0.09
0 0.17 0.315 0.096 0.082
0 0.686 0.317 0.08 0.106
0 0.753 0.327 0.062 0.106
0 0.633 0.435 0.074 0.106
0 0.34700000000000003 0.373 0.074 0.106
0 0.403 0.339 0.07 0.046
0 0.443 0.373 0.078 0.062
0 0.435 0.443 0.078 0.058
0 0.382 0.483 0.084 0.062
0 0.299 0.428 0.08600000000000001 0.084
0 0.183 0.432 0.07 0.084
0 0.15 0.5670000000000001 0.084 0.078
0 0.273 0.622 0.098 0.084
0 0.28700000000000003 0.524 0.082 0.084
0 0.378 0.585 0.084 0.074
0 0.494 0.487 0.08 0.11
0 0.562 0.44 0.052000000000000005 0.07200000000000001
0 0.5690000000000001 0.512 0.066 0.092
0 0.46 0.654 0.084 0.184
0 0.595 0.625 0.098 0.08600000000000001
0 0.73 0.591 0.108 0.094
0 0.613 0.7030000000000001 0.10200000000000001 0.10200000000000001
0 0.658 0.732 0.092 0.1
0 0.365 0.773 0.10200000000000001 0.062
