0 0.477328431372549 0.11195652173913044 0.3002450980392157 0.20217391304347826
0 0.2892156862745098 0.5239130434782608 0.04656862745098039 0.08260869565217391
0 0.24019607843137256 0.7619565217391304 0.06372549019607843 0.08043478260869566
0 0.33026960784313725 0.6065217391304348 0.06495098039215687 0.09130434782608696
0 0.3903186274509804 0.5152173913043478 0.0428921568627451 0.08695652173913043
0 0.47120098039215685 0.38804347826086955 0.04534313725490196 0.11521739130434783
0 0.4926470588235294 0.5 0.05392156862745098 0.08695652173913043
0 0.40441176470588236 0.6847826086956522 0.051470588235294115 0.11304347826086956
0 0.46568627450980393 0.7478260869565218 0.049019607843137254 0.09130434782608696
0 0.6219362745098039 0.4565217391304348 0.0625 0.1
0 0.7634803921568627 0.6445652173913043 0.08333333333333333 0.09782608695652174
0 0.8694852941176471 0.125 0.06004901960784314 0.10652173913043478
