0 0.38571428571428573 0.33714285714285713 0.06857142857142857 0.13142857142857142
0 0.1742857142857143 0.5671428571428572 0.09142857142857143 0.11142857142857143
0 0.2671428571428571 0.4828571428571429 0.09428571428571429 0.07428571428571429
0 0.33 0.5257142857142857 0.054285714285714284 0.07428571428571429
0 0.36142857142857143 0.62 0.12285714285714286 0.08571428571428572
0 0.38857142857142857 0.8914285714285715 0.13142857142857142 0.08571428571428572
0 0.5471428571428572 0.3171428571428571 0.10571428571428572 0.07428571428571429
0 0.6442857142857142 0.3385714285714286 0.09428571428571429 0.08285714285714285
0 0.6028571428571429 0.44 0.13714285714285715 0.05142857142857143
0 0.7414285714285714 0.5028571428571429 0.1457142857142857 0.05714285714285714
0 0.5728571428571428 0.52 0.08285714285714285 0.09714285714285714
0 0.7185714285714285 0.5442857142857143 0.09428571428571429 0.07142857142857142
0 0.5557142857142857 0.5914285714285714 0.09428571428571429 0.05714285714285714
0 0.6057142857142858 0.6314285714285715 0.08 0.06857142857142857
0 0.61 0.6985714285714286 0.07142857142857142 0.08857142857142856
0 0.55 0.7414285714285714 0.13428571428571429 0.04857142857142857
0 0.6957142857142857 0.77 0.06 0.1457142857142857
0 0.5371428571428571 0.7942857142857143 0.14285714285714285 0.08
