0 0.524 0.18 0.12 0.12266666666666666
0 0.23133333333333334 0.3213333333333333 0.164 0.058666666666666666
0 0.244 0.40066666666666667 0.13599999999999998 0.06266666666666666
0 0.5333333333333333 0.3393333333333333 0.072 0.16133333333333333
0 0.6213333333333333 0.266 0.08 0.148
0 0.36066666666666664 0.4053333333333333 0.09999999999999999 0.06133333333333333
0 0.7846666666666666 0.3426666666666667 0.08399999999999999 0.11733333333333333
0 0.7506666666666666 0.4633333333333333 0.07466666666666666 0.17466666666666666
0 0.5439999999999999 0.5053333333333333 0.128 0.09333333333333332
0 0.17466666666666666 0.542 0.09333333333333332 0.11599999999999999
0 0.206 0.6646666666666666 0.092 0.12933333333333333
0 0.31666666666666665 0.718 0.124 0.052
0 0.40066666666666667 0.72 0.06799999999999999 0.10666666666666666
0 0.35466666666666663 0.764 0.06933333333333333 0.10933333333333332
0 0.6166666666666667 0.662 0.07066666666666667 0.17466666666666666
0 0.7073333333333333 0.6833333333333333 0.12933333333333333 0.08933333333333333
