0 0.13385416666666666 0.025520833333333333 0.14479166666666665 0.051041666666666666
0 0.24114583333333334 0.050520833333333334 0.090625 0.10104166666666667
0 0.0171875 0.07239583333333333 0.034375 0.071875
0 0.08802083333333333 0.11875 0.16145833333333334 0.06666666666666667
0 0.11145833333333333 0.13802083333333334 0.04375 0.134375
0 0.17083333333333334 0.13177083333333334 0.04375 0.121875
0 0.24375 0.13645833333333332 0.1 0.06875
0 0.19479166666666667 0.20052083333333334 0.09166666666666666 0.04479166666666667
0 0.035416666666666666 0.2984375 0.07083333333333333 0.178125
0 0.0671875 0.37135416666666665 0.06979166666666667 0.071875
0 0.0671875 0.20208333333333334 0.096875 0.0625
0 0.3442708333333333 0.13177083333333334 0.059375 0.14895833333333333
0 0.3453125 0.06458333333333333 0.071875 0.12083333333333333
0 0.4046875 0.058854166666666666 0.09270833333333334 0.11145833333333333
0 0.5489583333333333 0.022395833333333334 0.16041666666666665 0.04479166666666667
0 0.64375 0.052083333333333336 0.15416666666666667 0.06458333333333333
0 0.7322916666666667 0.09479166666666666 0.08958333333333333 0.10208333333333333
0 0.9317708333333333 0.05572916666666666 0.10104166666666667 0.11145833333333333
0 0.9234375 0.19583333333333333 0.103125 0.175
0 0.8260416666666667 0.20989583333333334 0.05625 0.15729166666666666
0 0.86875 0.27447916666666666 0.03958333333333333 0.165625
0 0.7703125 0.2828125 0.08645833333333333 0.059375
0 0.7432291666666666 0.2125 0.040625 0.12708333333333333
0 0.640625 0.18072916666666666 0.08333333333333333 0.096875
0 0.6125 0.22135416666666666 0.15416666666666667 0.057291666666666664
0 0.51875 0.21510416666666665 0.06666666666666667 0.07395833333333333
0 0.5380208333333333 0.165625 0.11770833333333333 0.04791666666666666
0 0.453125 0.2682291666666667 0.05 0.13854166666666667
0 0.41562499999999997 0.18541666666666667 0.05625 0.10625
0 0.40572916666666664 0.15833333333333333 0.06354166666666666 0.14166666666666666
0 0.40989583333333335 0.3052083333333333 0.051041666666666666 0.125
0 0.340625 0.2635416666666667 0.07916666666666666 0.09375
0 0.31979166666666664 0.30104166666666665 0.05416666666666667 0.1125
0 0.19635416666666666 0.3338541666666667 0.10104166666666667 0.15520833333333334
0 0.15260416666666665 0.4046875 0.08854166666666667 0.15104166666666666
0 0.058854166666666666 0.48593749999999997 0.08020833333333333 0.13020833333333334
0 0.07083333333333333 0.621875 0.06458333333333333 0.13541666666666666
0 0.14427083333333332 0.5072916666666667 0.08229166666666667 0.0875
0 0.17916666666666667 0.575 0.1 0.11458333333333333
0 0.12864583333333332 0.6911458333333333 0.09270833333333334 0.103125
0 0.146875 0.778125 0.10416666666666667 0.1125
0 0.22708333333333333 0.7020833333333333 0.07708333333333334 0.1375
0 0.28125 0.675 0.06458333333333333 0.10416666666666667
0 0.31875 0.59375 0.058333333333333334 0.1375
0 0.3723958333333333 0.6864583333333333 0.06354166666666666 0.16041666666666665
0 0.4125 0.6802083333333333 0.04375 0.1375
0 0.434375 0.6588541666666666 0.07291666666666667 0.065625
0 0.4734375 0.5927083333333333 0.11770833333333333 0.09791666666666667
0 0.5083333333333333 0.5765625 0.09375 0.08229166666666667
0 0.496875 0.70625 0.06875 0.12083333333333333
0 0.5885416666666666 0.51875 0.06666666666666667 0.16458333333333333
0 0.5010416666666666 0.4890625 0.12083333333333333 0.04479166666666667
0 0.4770833333333333 0.4770833333333333 0.08958333333333333 0.08125
0 0.46041666666666664 0.3885416666666667 0.10416666666666667 0.09583333333333333
0 0.5458333333333333 0.36354166666666665 0.14791666666666667 0.06875
0 0.5609375 0.30885416666666665 0.103125 0.09479166666666666
0 0.6276041666666666 0.37083333333333335 0.057291666666666664 0.12083333333333333
0 0.7328125 0.4239583333333333 0.15104166666666666 0.09375
0 0.7135416666666666 0.31145833333333334 0.06875 0.15625
0 0.9447916666666667 0.3885416666666667 0.1 0.07083333333333333
0 0.825 0.39739583333333334 0.10416666666666667 0.09479166666666666
0 0.8291666666666666 0.4744791666666667 0.08541666666666667 0.08645833333333333
0 0.7609375 0.559375 0.07395833333333333 0.11041666666666666
0 0.671875 0.5307291666666667 0.07083333333333333 0.121875
0 0.6630208333333333 0.6380208333333334 0.16145833333333334 0.051041666666666666
0 0.675 0.78125 0.08958333333333333 0.19166666666666665
0 0.7463541666666667 0.8468749999999999 0.06770833333333333 0.16041666666666665
0 0.7692708333333333 0.7380208333333333 0.09895833333333333 0.09270833333333334
0 0.8385416666666666 0.7447916666666666 0.06666666666666667 0.21041666666666667
0 0.8744791666666667 0.7447916666666666 0.053125 0.1125
0 0.9416666666666667 0.7364583333333333 0.10208333333333333 0.12291666666666666
0 0.8927083333333333 0.5125 0.06041666666666667 0.15
0 0.9270833333333334 0.5760416666666667 0.058333333333333334 0.20833333333333334
0 0.9770833333333333 0.43333333333333335 0.04375 0.1
0 0.9817708333333334 0.5130208333333334 0.034375 0.09895833333333333
0 0.9291666666666667 0.8624999999999999 0.08125 0.13958333333333334
0 0.8729166666666667 0.9395833333333333 0.125 0.058333333333333334
0 0.8776041666666666 0.9703125 0.090625 0.057291666666666664
0 0.54375 0.8890625 0.0625 0.14479166666666665
0 0.5333333333333333 0.8567708333333334 0.15208333333333332 0.06145833333333333
0 0.3052083333333333 0.796875 0.08958333333333333 0.06041666666666667
0 0.03333333333333333 0.8677083333333333 0.052083333333333336 0.16666666666666666
0 0.08645833333333333 0.8828125 0.07708333333333334 0.178125
0 0.3390625 0.90625 0.096875 0.08541666666666667
0 0.3104166666666667 0.959375 0.14166666666666666 0.06458333333333333
0 0.425 0.8598958333333333 0.11458333333333333 0.12395833333333334
0 0.4458333333333333 0.9411458333333333 0.11666666666666667 0.08229166666666667
0 0.3078125 0.796875 0.11145833333333333 0.06666666666666667
0 0.2140625 0.8526041666666666 0.06979166666666667 0.11770833333333333
0 0.14635416666666667 0.8385416666666666 0.06145833333333333 0.14166666666666666
0 0.646875 0.9578125 0.05416666666666667 0.08229166666666667
0 0.7229166666666667 0.9697916666666666 0.06666666666666667 0.052083333333333336
0 0.5739583333333333 0.9723958333333333 0.08958333333333333 0.053125
0 0.033854166666666664 0.646875 0.06770833333333333 0.07083333333333333
0 0.02395833333333333 0.7119791666666666 0.04791666666666666 0.096875
0 0.14270833333333333 0.9619791666666666 0.0875 0.07395833333333333
0 0.29583333333333334 0.7348958333333333 0.09166666666666666 0.04895833333333333
0 0.3963541666666667 0.8234374999999999 0.06354166666666666 0.09270833333333334
0 0.3338541666666667 0.9093749999999999 0.09270833333333334 0.08333333333333333
0 0.809375 0.044270833333333336 0.0625 0.08645833333333333
0 0.24375 0.9645833333333333 0.10416666666666667 0.06875
0 0.3484375 0.3890625 0.08020833333333333 0.10729166666666666
0 0.2640625 0.5395833333333333 0.084375 0.17291666666666666
