0 0.061 0.108 0.122 0.08
0 0.199 0.41500000000000004 0.098 0.214
0 0.189 0.051000000000000004 0.13 0.066
0 0.225 0.117 0.074 0.13
0 0.076 0.253 0.152 0.11
0 0.11800000000000001 0.265 0.08 0.094
0 0.302 0.241 0.176 0.082
0 0.272 0.053 0.068 0.098
0 0.31 0.151 0.076 0.082
0 0.297 0.126 0.09 0.068
0 0.34700000000000003 0.07100000000000001 0.038 0.09
0 0.391 0.11800000000000001 0.07 0.136
0 0.395 0.023 0.094 0.046
0 0.437 0.07200000000000001 0.058 0.052000000000000005
0 0.545 0.02 0.10200000000000001 0.04
0 0.65 0.025 0.12 0.05
0 0.896 0.019 0.1 0.038
0 0.967 0.091 0.054 0.106
0 0.931 0.167 0.09 0.058
0 0.874 0.185 0.096 0.106
0 0.751 0.11900000000000001 0.074 0.062
0 0.63 0.108 0.076 0.068
0 0.499 0.158 0.154 0.048
0 0.771 0.183 0.046 0.038
0 0.726 0.151 0.06 0.046
0 0.303 0.338 0.106 0.132
0 0.427 0.323 0.082 0.17
0 0.027 0.418 0.054 0.164
0 0.091 0.499 0.082 0.11800000000000001
0 0.28200000000000003 0.586 0.136 0.084
0 0.404 0.483 0.092 0.11800000000000001
0 0.652 0.3 0.14 0.16
0 0.548 0.299 0.1 0.15
0 0.548 0.391 0.128 0.07
0 0.74 0.211 0.1 0.07
0 0.902 0.339 0.084 0.062
0 0.9570000000000001 0.329 0.082 0.042
0 0.876 0.359 0.076 0.17400000000000002
0 0.654 0.511 0.064 0.122
0 0.609 0.61 0.078 0.192
0 0.434 0.653 0.132 0.13
0 0.261 0.6930000000000001 0.094 0.114
0 0.153 0.656 0.074 0.128
0 0.07100000000000001 0.595 0.10200000000000001 0.094
0 0.059000000000000004 0.631 0.042 0.066
0 0.72 0.62 0.112 0.06
0 0.8260000000000001 0.482 0.108 0.128
0 0.835 0.5710000000000001 0.046 0.114
0 0.866 0.595 0.06 0.17400000000000002
0 0.9400000000000001 0.607 0.068 0.122
0 0.971 0.681 0.054 0.098
0 0.442 0.438 0.088 0.068
0 0.506 0.437 0.06 0.066
0 0.5710000000000001 0.462 0.126 0.06
0 0.747 0.665 0.106 0.058
0 0.804 0.7030000000000001 0.1 0.078
