0 0.10312500000000001 0.40875 0.10875 0.09
0 0.116875 0.448125 0.07125000000000001 0.06375
0 0.288125 0.375625 0.12625 0.11625
0 0.479375 0.161875 0.09375 0.10375000000000001
0 0.460625 0.28125 0.16375 0.085
0 0.41625 0.43875000000000003 0.0425 0.10250000000000001
0 0.398125 0.46625 0.04875 0.0775
0 0.306875 0.469375 0.13375 0.08125
0 0.214375 0.54 0.09875 0.0625
0 0.123125 0.576875 0.11375 0.08625000000000001
0 0.33187500000000003 0.558125 0.13875 0.04875
0 0.208125 0.64125 0.15625 0.0475
0 0.5806250000000001 0.6675 0.11875000000000001 0.055
0 0.604375 0.19125 0.08375 0.1075
0 0.6168750000000001 0.26687500000000003 0.12125 0.06875
0 0.76875 0.165 0.09 0.10250000000000001
0 0.7425 0.23 0.11 0.09
0 0.7262500000000001 0.326875 0.08750000000000001 0.11625
0 0.80125 0.294375 0.0525 0.11625
0 0.829375 0.28375 0.05625 0.0975
0 0.873125 0.3225 0.06125 0.135
0 0.8356250000000001 0.39375 0.04875 0.135
0 0.734375 0.4475 0.08875 0.085
0 0.87875 0.59 0.0725 0.1225
0 0.61625 0.770625 0.11750000000000001 0.06625
0 0.495 0.723125 0.115 0.05625
0 0.45687500000000003 0.774375 0.05375 0.07875
0 0.40375 0.793125 0.105 0.06125
0 0.3775 0.7375 0.085 0.0725
0 0.28250000000000003 0.745 0.0775 0.0725
0 0.330625 0.734375 0.08625000000000001 0.04125
0 0.53625 0.801875 0.045 0.07375
0 0.49625 0.8125 0.0425 0.0425
