0 0.4275 0.22 0.145 0.108
0 0.5985 0.1715 0.137 0.07100000000000001
0 0.6485 0.251 0.08700000000000001 0.098
0 0.3275 0.3315 0.101 0.085
0 0.374 0.445 0.114 0.074
0 0.221 0.47200000000000003 0.124 0.066
0 0.229 0.584 0.08600000000000001 0.136
0 0.3345 0.625 0.137 0.07200000000000001
0 0.466 0.5145 0.114 0.10300000000000001
0 0.532 0.3985 0.108 0.081
0 0.557 0.317 0.13 0.058
0 0.716 0.2965 0.05 0.145
0 0.7735 0.28650000000000003 0.081 0.115
0 0.6605 0.3975 0.089 0.075
0 0.64 0.4645 0.096 0.047
0 0.618 0.51 0.11 0.062
0 0.5955 0.5575 0.081 0.039
0 0.5855 0.6125 0.105 0.053
0 0.543 0.6455 0.092 0.047
0 0.4205 0.7155 0.131 0.061
0 0.5690000000000001 0.685 0.112 0.044
0 0.644 0.6945 0.066 0.075
0 0.679 0.601 0.10200000000000001 0.08600000000000001
0 0.775 0.6085 0.088 0.069
0 0.8320000000000001 0.4865 0.074 0.137
