0 0.389453125 0.18177083333333333 0.09453125000000001 0.06770833333333333
0 0.211328125 0.3890625 0.06015625 0.103125
0 0.119140625 0.37916666666666665 0.11328125 0.05
0 0.278515625 0.4692708333333333 0.07890625000000001 0.08854166666666667
0 0.582421875 0.2635416666666667 0.08046875 0.09166666666666666
0 0.833984375 0.203125 0.06484375 0.04375
0 0.9375 0.18020833333333333 0.045312500000000006 0.058333333333333334
0 0.9046875000000001 0.3598958333333333 0.035937500000000004 0.040625
0 0.8718750000000001 0.3536458333333333 0.0390625 0.08020833333333333
0 0.84765625 0.25364583333333335 0.07187500000000001 0.036458333333333336
0 0.860546875 0.2916666666666667 0.05859375 0.05
0 0.44062500000000004 0.36666666666666664 0.065625 0.1
0 0.48984375 0.38229166666666664 0.053125000000000006 0.04375
0 0.6015625 0.4515625 0.0578125 0.08020833333333333
0 0.377734375 0.471875 0.06640625 0.05
0 0.35195312500000003 0.5942708333333333 0.08359375000000001 0.078125
0 0.205078125 0.7364583333333333 0.09765625 0.10625
0 0.201953125 0.86875 0.08828125 0.08333333333333333
0 0.328125 0.8447916666666666 0.0734375 0.12083333333333333
0 0.405078125 0.8 0.047656250000000004 0.11458333333333333
0 0.452734375 0.6755208333333333 0.09296875 0.059375
0 0.5140625 0.6119791666666666 0.07500000000000001 0.08229166666666667
0 0.6109375 0.5427083333333333 0.07968750000000001 0.06458333333333333
0 0.490234375 0.7354166666666666 0.07421875 0.05416666666666667
0 0.6316406250000001 0.7515625 0.09765625 0.04895833333333333
0 0.587890625 0.7854166666666667 0.055468750000000004 0.08958333333333333
0 0.705078125 0.4692708333333333 0.04609375 0.096875
0 0.762890625 0.5015625 0.047656250000000004 0.10729166666666666
0 0.765234375 0.6036458333333333 0.08828125 0.06979166666666667
0 0.780859375 0.7328125 0.04453125 0.11354166666666667
0 0.83984375 0.7625 0.0578125 0.10833333333333334
0 0.89609375 0.615625 0.06875 0.04791666666666666
0 0.9734375000000001 0.5833333333333334 0.051562500000000004 0.07083333333333333
0 0.77890625 0.378125 0.0546875 0.0625
0 0.814453125 0.3567708333333333 0.039843750000000004 0.06145833333333333
0 0.831640625 0.3515625 0.03515625 0.09270833333333334
