0 0.643 0.215 0.15 0.074
0 0.558 0.199 0.052000000000000005 0.178
0 0.47900000000000004 0.154 0.134 0.07200000000000001
0 0.47800000000000004 0.245 0.084 0.11
0 0.43 0.261 0.052000000000000005 0.106
0 0.376 0.197 0.1 0.05
0 0.291 0.202 0.066 0.048
0 0.364 0.252 0.07200000000000001 0.064
0 0.309 0.242 0.078 0.07200000000000001
0 0.296 0.28700000000000003 0.08 0.094
0 0.245 0.258 0.054 0.096
0 0.2 0.358 0.084 0.116
0 0.325 0.38 0.182 0.07200000000000001
0 0.275 0.44 0.158 0.08
0 0.196 0.482 0.184 0.07200000000000001
0 0.198 0.549 0.1 0.114
0 0.176 0.625 0.132 0.13
0 0.423 0.562 0.082 0.096
0 0.398 0.657 0.08 0.19
0 0.276 0.739 0.16 0.066
0 0.339 0.781 0.194 0.058
0 0.47600000000000003 0.6970000000000001 0.07200000000000001 0.186
0 0.532 0.618 0.084 0.12
0 0.724 0.334 0.092 0.092
0 0.6880000000000001 0.362 0.076 0.088
0 0.636 0.4 0.084 0.08
0 0.763 0.464 0.08600000000000001 0.07200000000000001
0 0.743 0.394 0.07 0.076
0 0.749 0.49 0.078 0.052000000000000005
0 0.757 0.53 0.07 0.052000000000000005
0 0.6900000000000001 0.537 0.07200000000000001 0.082
0 0.842 0.44 0.076 0.108
0 0.8150000000000001 0.533 0.05 0.066
0 0.852 0.557 0.08 0.054
0 0.851 0.613 0.078 0.078
0 0.725 0.5690000000000001 0.074 0.07
0 0.599 0.675 0.05 0.082
0 0.649 0.603 0.058 0.122
0 0.602 0.556 0.088 0.124
0 0.621 0.73 0.082 0.092
0 0.519 0.837 0.098 0.10200000000000001
0 0.604 0.8310000000000001 0.108 0.094
0 0.687 0.765 0.078 0.122
0 0.782 0.6900000000000001 0.056 0.092
