0 0.326 0.211 0.152 0.222
0 0.458 0.168 0.14 0.292
0 0.587 0.167 0.11 0.302
0 0.718 0.20400000000000001 0.128 0.152
0 0.847 0.307 0.158 0.146
0 0.8310000000000001 0.464 0.29 0.084
0 0.8200000000000001 0.59 0.312 0.12
0 0.784 0.724 0.20800000000000002 0.184
0 0.672 0.8170000000000001 0.156 0.234
0 0.549 0.836 0.126 0.276
0 0.419 0.843 0.126 0.23
0 0.28600000000000003 0.81 0.176 0.16
0 0.199 0.6990000000000001 0.29 0.106
0 0.166 0.537 0.328 0.098
0 0.17500000000000002 0.392 0.29 0.14400000000000002
0 0.198 0.263 0.17200000000000001 0.146
