0 0.5379310344827586 0.04754601226993865 0.04827586206896552 0.08895705521472393
0 0.5206896551724138 0.1303680981595092 0.05862068965517241 0.07668711656441718
0 0.5577586206896552 0.18865030674846625 0.056896551724137934 0.11349693251533742
0 0.7853448275862069 0.25766871165644173 0.03620689655172414 0.09202453987730061
0 0.821551724137931 0.24539877300613497 0.03275862068965517 0.09815950920245399
0 0.5163793103448275 0.40337423312883436 0.08448275862068966 0.0950920245398773
0 0.2810344827586207 0.5291411042944786 0.05862068965517241 0.08895705521472393
0 0.24310344827586206 0.549079754601227 0.034482758620689655 0.12883435582822086
0 0.20689655172413793 0.6779141104294478 0.041379310344827586 0.11656441717791412
0 0.16724137931034483 0.7653374233128835 0.06551724137931034 0.08895705521472393
0 0.125 0.7852760736196319 0.0396551724137931 0.0736196319018405
0 0.2853448275862069 0.7960122699386504 0.07758620689655173 0.13190184049079756
0 0.25 0.9539877300613497 0.1 0.06134969325153374
0 0.0939655172413793 0.9493865030674847 0.0396551724137931 0.08895705521472393
0 0.5310344827586206 0.5966257668711656 0.04827586206896552 0.05828220858895706
0 0.6629310344827586 0.46319018404907975 0.07413793103448275 0.07975460122699386
