0 0.6458333333333334 0.10500000000000001 0.26833333333333337 0.14666666666666667
0 0.37833333333333335 0.16083333333333336 0.3166666666666667 0.07166666666666667
0 0.3825 0.225 0.28833333333333333 0.09000000000000001
0 0.17666666666666667 0.4266666666666667 0.18666666666666668 0.24333333333333335
0 0.38083333333333336 0.375 0.10166666666666667 0.2566666666666667
0 0.7100000000000001 0.2833333333333333 0.28 0.11
0 0.4633333333333334 0.6158333333333333 0.10333333333333335 0.3216666666666667
0 0.6225 0.3541666666666667 0.22833333333333336 0.09166666666666667
0 0.6983333333333334 0.42500000000000004 0.27 0.09000000000000001
0 0.24416666666666667 0.6391666666666667 0.22166666666666668 0.11833333333333335
0 0.3016666666666667 0.7475 0.25 0.13833333333333334
0 0.5658333333333334 0.6283333333333334 0.125 0.22333333333333336
