0 0.534765625 0.19405594405594406 0.07890625000000001 0.047785547785547784
0 0.45039062500000004 0.3152680652680653 0.06640625 0.05011655011655012
0 0.516796875 0.3304195804195804 0.02890625 0.08041958041958042
0 0.6265625 0.32167832167832167 0.045312500000000006 0.06526806526806526
0 0.566796875 0.3513986013986014 0.04453125 0.04079254079254079
0 0.50390625 0.4364801864801865 0.045312500000000006 0.04079254079254079
0 0.432421875 0.4219114219114219 0.07265625 0.04195804195804196
0 0.41718750000000004 0.5541958041958042 0.0671875 0.0337995337995338
0 0.41796875 0.5891608391608392 0.0671875 0.03613053613053613
0 0.33359375 0.6923076923076923 0.059375000000000004 0.053613053613053616
0 0.409765625 0.6876456876456877 0.032031250000000004 0.09557109557109557
0 0.30507812500000003 0.8374125874125874 0.05078125 0.0780885780885781
0 0.44843750000000004 0.833916083916084 0.0390625 0.10839160839160839
0 0.429296875 0.9766899766899767 0.06484375 0.04428904428904429
0 0.512109375 0.7284382284382285 0.04453125 0.07692307692307693
0 0.56875 0.6083916083916084 0.0703125 0.04428904428904429
0 0.516796875 0.5413752913752914 0.041406250000000006 0.0641025641025641
0 0.5613281250000001 0.4370629370629371 0.02421875 0.10256410256410256
0 0.69921875 0.31993006993006995 0.0421875 0.06876456876456877
0 0.7273437500000001 0.3682983682983683 0.03125 0.055944055944055944
0 0.7132812500000001 0.4551282051282051 0.026562500000000003 0.04079254079254079
0 0.730078125 0.4155011655011655 0.07109375 0.038461538461538464
0 0.6335937500000001 0.5023310023310024 0.025 0.03496503496503497
0 0.6921875000000001 0.5955710955710956 0.043750000000000004 0.07925407925407925
0 0.74765625 0.5728438228438228 0.0234375 0.11538461538461539
0 0.769140625 0.546037296037296 0.02421875 0.08974358974358974
0 0.761328125 0.6958041958041958 0.032031250000000004 0.08624708624708624
0 0.6058593750000001 0.5635198135198135 0.030468750000000003 0.08041958041958042
0 0.65625 0.6934731934731935 0.051562500000000004 0.03496503496503497
0 0.6421875 0.7505827505827506 0.0328125 0.07459207459207459
0 0.653515625 0.8187645687645687 0.02109375 0.08275058275058275
0 0.5964843750000001 0.7331002331002331 0.02109375 0.08857808857808858
0 0.558984375 0.6946386946386947 0.02890625 0.08158508158508158
0 0.52265625 0.6538461538461539 0.043750000000000004 0.08857808857808858
0 0.7878906250000001 0.5407925407925408 0.02734375 0.07226107226107226
0 0.62421875 0.44988344988344986 0.0328125 0.05128205128205128
