0 0.52 0.065 0.292 0.098
0 0.5660000000000001 0.201 0.116 0.186
0 0.673 0.258 0.08600000000000001 0.132
0 0.47200000000000003 0.249 0.168 0.154
0 0.381 0.302 0.08600000000000001 0.272
0 0.546 0.382 0.252 0.08
0 0.251 0.376 0.066 0.26
0 0.055 0.28300000000000003 0.094 0.19
0 0.338 0.482 0.128 0.18
0 0.209 0.616 0.106 0.1
0 0.111 0.642 0.042 0.044
0 0.254 0.745 0.096 0.19
0 0.491 0.606 0.154 0.2
0 0.673 0.5680000000000001 0.106 0.276
0 0.838 0.509 0.228 0.218
0 0.777 0.77 0.17400000000000002 0.32
0 0.46 0.781 0.184 0.11800000000000001
0 0.501 0.833 0.214 0.07
0 0.417 0.93 0.278 0.132
