0 0.20700000000000002 0.24074074074074076 0.19 0.10699588477366256
0 0.047 0.5030864197530864 0.094 0.3148148148148148
0 0.146 0.4084362139917696 0.108 0.26131687242798357
0 0.5710000000000001 0.16872427983539096 0.266 0.1440329218106996
0 0.772 0.15329218106995887 0.164 0.16255144032921812
0 0.915 0.2438271604938272 0.122 0.22839506172839508
0 0.5700000000000001 0.32818930041152267 0.176 0.10493827160493828
0 0.659 0.40226337448559674 0.11800000000000001 0.2160493827160494
0 0.22 0.6965020576131687 0.136 0.2818930041152264
0 0.384 0.6234567901234569 0.116 0.3497942386831276
0 0.605 0.690329218106996 0.246 0.16255144032921812
0 0.298 0.859053497942387 0.276 0.11728395061728396
0 0.608 0.844650205761317 0.22 0.17078189300411525
0 0.8210000000000001 0.8703703703703705 0.298 0.13991769547325103
