0 0.4324074074074074 0.3364583333333333 0.06481481481481481 0.030208333333333334
0 0.3111111111111111 0.3966145833333333 0.06296296296296297 0.0421875
0 0.10138888888888889 0.41796875 0.05277777777777778 0.028645833333333332
0 0.25925925925925924 0.39453125 0.053703703703703705 0.0265625
0 0.14074074074074075 0.44895833333333335 0.02962962962962963 0.03958333333333333
0 0.16296296296296298 0.4393229166666667 0.03333333333333333 0.043229166666666666
0 0.3125 0.47994791666666664 0.049074074074074076 0.0421875
0 0.34675925925925927 0.46640624999999997 0.05462962962962963 0.0265625
0 0.49259259259259264 0.3807291666666667 0.05555555555555556 0.034375
0 0.5694444444444444 0.4145833333333333 0.05555555555555556 0.029166666666666667
0 0.6847222222222222 0.4302083333333333 0.049074074074074076 0.035416666666666666
0 0.6708333333333334 0.4549479166666667 0.049074074074074076 0.0234375
0 0.8208333333333334 0.45286458333333335 0.08055555555555556 0.025520833333333333
0 0.7986111111111112 0.41901041666666666 0.07685185185185185 0.044270833333333336
0 0.4046296296296297 0.40859375 0.05740740740740741 0.0234375
0 0.42083333333333334 0.44088541666666664 0.04537037037037037 0.024479166666666666
0 0.48935185185185187 0.44609375 0.049074074074074076 0.01614583333333333
0 0.500462962962963 0.47109375 0.03981481481481482 0.030729166666666665
0 0.563425925925926 0.43723958333333335 0.06759259259259259 0.019270833333333334
0 0.737962962962963 0.4888020833333333 0.061111111111111116 0.030729166666666665
0 0.6462962962962964 0.48151041666666666 0.04814814814814815 0.025520833333333333
0 0.6333333333333333 0.5036458333333333 0.040740740740740744 0.028125
0 0.7050925925925926 0.52109375 0.04722222222222222 0.024479166666666666
0 0.6578703703703704 0.5333333333333333 0.04351851851851852 0.017708333333333333
0 0.6759259259259259 0.5479166666666666 0.02777777777777778 0.020833333333333332
0 0.6453703703703704 0.5533854166666666 0.05 0.025520833333333333
0 0.6828703703703703 0.56953125 0.04537037037037037 0.022395833333333334
0 0.701388888888889 0.5861979166666667 0.058333333333333334 0.022395833333333334
0 0.28194444444444444 0.5346354166666667 0.08611111111111111 0.021354166666666667
0 0.16944444444444445 0.56328125 0.09074074074074075 0.027604166666666666
0 0.10787037037037038 0.5625 0.04166666666666667 0.03854166666666667
0 0.11712962962962964 0.5903645833333333 0.04166666666666667 0.025520833333333333
0 0.225 0.5807291666666666 0.06666666666666667 0.03125
0 0.28935185185185186 0.5567708333333333 0.04722222222222222 0.01875
0 0.3263888888888889 0.54921875 0.04166666666666667 0.019270833333333334
0 0.35000000000000003 0.5557291666666666 0.040740740740740744 0.040625
0 0.4166666666666667 0.5315104166666667 0.040740740740740744 0.0453125
0 0.4671296296296297 0.5192708333333333 0.04722222222222222 0.01875
0 0.5347222222222222 0.5216145833333333 0.049074074074074076 0.025520833333333333
0 0.575462962962963 0.5291666666666667 0.04722222222222222 0.034375
0 0.4518518518518519 0.54921875 0.02962962962962963 0.027604166666666666
0 0.4689814814814815 0.55859375 0.036111111111111115 0.0265625
0 0.5013888888888889 0.5458333333333333 0.04537037037037037 0.01875
0 0.5189814814814815 0.5536458333333333 0.049074074074074076 0.0125
0 0.5101851851851852 0.5729166666666666 0.02777777777777778 0.02395833333333333
0 0.5240740740740741 0.5841145833333333 0.020370370370370372 0.028645833333333332
0 0.5388888888888889 0.57734375 0.02592592592592593 0.028645833333333332
0 0.5648148148148149 0.56796875 0.037037037037037035 0.027604166666666666
0 0.5939814814814816 0.584375 0.03796296296296296 0.034375
0 0.2884259259259259 0.5901041666666667 0.04166666666666667 0.022916666666666665
0 0.32916666666666666 0.5963541666666666 0.032407407407407406 0.029166666666666667
0 0.36574074074074076 0.6 0.02592592592592593 0.01875
0 0.39722222222222225 0.59453125 0.03333333333333333 0.03177083333333333
0 0.44027777777777777 0.578125 0.04166666666666667 0.01875
0 0.4851851851851852 0.5911458333333334 0.05925925925925926 0.020833333333333332
0 0.5041666666666667 0.6130208333333333 0.04722222222222222 0.019791666666666666
0 0.5527777777777778 0.6018229166666667 0.02962962962962963 0.022395833333333334
0 0.030092592592592594 0.5747395833333333 0.04351851851851852 0.04739583333333333
0 0.038425925925925926 0.64609375 0.06944444444444445 0.0421875
0 0.020833333333333336 0.6997395833333333 0.04166666666666667 0.027604166666666666
0 0.1537037037037037 0.6380208333333334 0.04259259259259259 0.03229166666666666
0 0.12546296296296297 0.6622395833333333 0.05277777777777778 0.0296875
0 0.20231481481481484 0.63125 0.04166666666666667 0.034375
0 0.23564814814814816 0.6263020833333334 0.028703703703703703 0.04010416666666666
0 0.25601851851851853 0.6489583333333333 0.05462962962962963 0.028125
0 0.4050925925925926 0.64765625 0.04537037037037037 0.027604166666666666
0 0.3476851851851852 0.6705729166666666 0.04537037037037037 0.030729166666666665
0 0.3180555555555556 0.6653645833333334 0.049074074074074076 0.0234375
0 0.21805555555555556 0.7192708333333333 0.049074074074074076 0.03958333333333333
0 0.29212962962962963 0.6859375 0.04351851851851852 0.02395833333333333
0 0.23750000000000002 0.6809895833333334 0.04537037037037037 0.0296875
0 0.2476851851851852 0.7502604166666667 0.049074074074074076 0.0265625
0 0.34120370370370373 0.7526041666666666 0.05092592592592593 0.03125
0 0.42685185185185187 0.6875 0.061111111111111116 0.036458333333333336
0 0.36064814814814816 0.6981770833333333 0.04722222222222222 0.018229166666666668
0 0.4041666666666667 0.72421875 0.05092592592592593 0.025520833333333333
0 0.46435185185185185 0.7651041666666667 0.04166666666666667 0.034375
0 0.35462962962962963 0.725 0.04259259259259259 0.017708333333333333
0 0.5398148148148149 0.6736979166666667 0.03888888888888889 0.030729166666666665
0 0.5685185185185185 0.6614583333333334 0.0462962962962963 0.03125
0 0.6148148148148148 0.6671875 0.04814814814814815 0.03958333333333333
0 0.6018518518518519 0.6294270833333333 0.05740740740740741 0.022395833333333334
0 0.7449074074074075 0.6322916666666667 0.08611111111111111 0.030208333333333334
0 0.649537037037037 0.63203125 0.04537037037037037 0.025520833333333333
0 0.675462962962963 0.6484375 0.04351851851851852 0.03125
0 0.7949074074074074 0.66015625 0.05648148148148149 0.04114583333333333
0 0.8731481481481482 0.6028645833333334 0.03518518518518519 0.0421875
0 0.9240740740740742 0.59296875 0.02777777777777778 0.03802083333333333
0 0.9680555555555556 0.58125 0.04166666666666667 0.034375
0 0.9643518518518519 0.6083333333333333 0.04166666666666667 0.03333333333333333
0 0.9842592592592593 0.5966145833333333 0.02962962962962963 0.0234375
0 0.6671296296296296 0.6778645833333333 0.04537037037037037 0.027604166666666666
0 0.6416666666666667 0.7065104166666667 0.03333333333333333 0.0296875
0 0.688425925925926 0.70546875 0.03796296296296296 0.0234375
0 0.3300925925925926 0.7807291666666667 0.09722222222222222 0.025
0 0.3666666666666667 0.8296875 0.07962962962962963 0.01875
0 0.40555555555555556 0.8075520833333333 0.08333333333333334 0.043229166666666666
0 0.475462962962963 0.8333333333333334 0.07685185185185185 0.03125
0 0.55 0.7700520833333333 0.06296296296296297 0.04635416666666667
0 0.6189814814814815 0.7609375 0.04722222222222222 0.03229166666666666
0 0.6541666666666667 0.7395833333333334 0.03981481481481482 0.03229166666666666
0 0.6962962962962963 0.7619791666666667 0.06481481481481481 0.03229166666666666
0 0.7037037037037037 0.8013020833333333 0.05555555555555556 0.050520833333333334
0 0.7652777777777778 0.7776041666666667 0.06944444444444445 0.034375
0 0.9263888888888889 0.7302083333333333 0.10648148148148148 0.0375
0 0.8685185185185186 0.7520833333333333 0.09074074074074075 0.03229166666666666
0 0.850925925925926 0.7763020833333333 0.08703703703703704 0.027604166666666666
0 0.27083333333333337 0.3567708333333333 0.05277777777777778 0.03125
0 0.17546296296296296 0.68046875 0.04351851851851852 0.0359375
0 0.17546296296296296 0.6606770833333333 0.036111111111111115 0.022395833333333334
0 0.4791666666666667 0.69921875 0.05092592592592593 0.044270833333333336
