0 0.091 0.379 0.13 0.266
0 0.20800000000000002 0.213 0.128 0.23800000000000002
0 0.355 0.233 0.11 0.182
0 0.289 0.443 0.138 0.222
0 0.168 0.585 0.184 0.138
0 0.301 0.635 0.158 0.074
0 0.42 0.592 0.164 0.076
0 0.393 0.442 0.08600000000000001 0.212
0 0.528 0.499 0.20400000000000001 0.122
0 0.531 0.5750000000000001 0.11800000000000001 0.154
0 0.301 0.71 0.162 0.112
0 0.417 0.758 0.11 0.196
0 0.508 0.771 0.156 0.106
0 0.522 0.862 0.1 0.16
0 0.654 0.683 0.132 0.13
0 0.712 0.748 0.14 0.07200000000000001
0 0.722 0.8160000000000001 0.244 0.088
0 0.8300000000000001 0.588 0.156 0.108
0 0.76 0.625 0.10400000000000001 0.222
0 0.885 0.383 0.106 0.158
0 0.733 0.248 0.098 0.2
0 0.584 0.045 0.2 0.08600000000000001
0 0.678 0.106 0.156 0.07200000000000001
0 0.577 0.15 0.154 0.1
0 0.625 0.324 0.094 0.14400000000000002
0 0.489 0.371 0.122 0.13
0 0.47200000000000003 0.3 0.10400000000000001 0.116
0 0.78 0.394 0.12 0.152
0 0.659 0.546 0.166 0.152
0 0.718 0.812 0.244 0.088
0 0.714 0.808 0.244 0.088
0 0.707 0.742 0.162 0.084
