0 0.46625 0.16625 0.1125 0.1075
0 0.45125 0.26937500000000003 0.165 0.08125
0 0.295625 0.38 0.16375 0.11750000000000001
0 0.09 0.41875 0.07 0.0775
0 0.115 0.445 0.07 0.065
0 0.3075 0.45687500000000003 0.115 0.07375
0 0.426875 0.455 0.043750000000000004 0.0975
0 0.406875 0.46 0.06625 0.0775
0 0.3225 0.566875 0.12 0.051250000000000004
0 0.213125 0.541875 0.09625 0.06875
0 0.129375 0.57875 0.13375 0.065
0 0.209375 0.6431250000000001 0.14875 0.058750000000000004
0 0.5775 0.664375 0.14 0.06125
0 0.275625 0.7325 0.08875 0.08
0 0.33187500000000003 0.7275 0.07875 0.05
0 0.370625 0.7425 0.06875 0.0975
0 0.390625 0.790625 0.07875 0.04125
0 0.455625 0.77375 0.051250000000000004 0.085
0 0.48125 0.726875 0.0975 0.05625
0 0.6325000000000001 0.781875 0.1525 0.05625
0 0.528125 0.798125 0.04625 0.07375
0 0.6 0.185625 0.095 0.08875
0 0.620625 0.268125 0.13875 0.07375
0 0.77 0.173125 0.0775 0.10875
0 0.743125 0.23500000000000001 0.08875 0.0925
0 0.8 0.28875 0.06 0.12
0 0.7275 0.32625 0.065 0.1225
0 0.730625 0.444375 0.08375 0.10375000000000001
0 0.8375 0.39687500000000003 0.0525 0.15375
0 0.87 0.325 0.065 0.14
0 0.829375 0.275 0.06125 0.115
0 0.88 0.5906250000000001 0.0625 0.12125
