0 0.385 0.24125 0.1075 0.125
0 0.28500000000000003 0.376875 0.075 0.18125
0 0.3525 0.38125000000000003 0.08 0.1125
0 0.29812500000000003 0.548125 0.17625 0.07625
0 0.39437500000000003 0.57875 0.08375 0.1675
0 0.389375 0.681875 0.07625 0.20125
0 0.6 0.25375000000000003 0.10250000000000001 0.0675
0 0.53625 0.36312500000000003 0.135 0.08875
0 0.43875000000000003 0.281875 0.08750000000000001 0.058750000000000004
0 0.583125 0.314375 0.10625 0.07625
0 0.641875 0.4225 0.05625 0.155
0 0.67125 0.4675 0.05 0.0975
0 0.7575000000000001 0.368125 0.06 0.12375
0 0.691875 0.6531250000000001 0.05375 0.15625
0 0.603125 0.763125 0.09625 0.14375000000000002
0 0.49125 0.673125 0.1275 0.07125000000000001
0 0.451875 0.7781250000000001 0.14625 0.07125000000000001
0 0.526875 0.444375 0.05625 0.10125
0 0.491875 0.528125 0.06125 0.13875
0 0.685 0.355 0.065 0.15
