0 0.041666666666666664 0.125 0.0375 0.09166666666666666
0 0.10416666666666667 0.10520833333333333 0.058333333333333334 0.04791666666666666
0 0.059375 0.16041666666666665 0.052083333333333336 0.08333333333333333
0 0.18020833333333333 0.109375 0.10625 0.052083333333333336
0 0.159375 0.16354166666666667 0.10625 0.052083333333333336
0 0.014583333333333334 0.24895833333333334 0.029166666666666667 0.04375
0 0.057291666666666664 0.2947916666666667 0.06041666666666667 0.08958333333333333
0 0.010416666666666666 0.33541666666666664 0.020833333333333332 0.041666666666666664
0 0.21666666666666667 0.20208333333333334 0.075 0.10416666666666667
0 0.09583333333333333 0.22916666666666666 0.041666666666666664 0.1
0 0.125 0.21666666666666667 0.03333333333333333 0.04583333333333333
0 0.384375 0.12395833333333334 0.13541666666666666 0.035416666666666666
0 0.3385416666666667 0.10416666666666667 0.08541666666666667 0.0375
0 0.3416666666666667 0.1625 0.1 0.05416666666666667
0 0.5854166666666667 0.09791666666666667 0.11666666666666667 0.029166666666666667
0 0.5083333333333333 0.13229166666666667 0.10833333333333334 0.03958333333333333
0 0.6229166666666667 0.14166666666666666 0.1375 0.04583333333333333
0 0.7875 0.15729166666666666 0.1375 0.03958333333333333
0 0.8156249999999999 0.12916666666666665 0.035416666666666666 0.041666666666666664
0 0.8760416666666666 0.159375 0.06041666666666667 0.035416666666666666
0 0.9791666666666666 0.10104166666666667 0.0375 0.035416666666666666
0 0.9552083333333333 0.20416666666666666 0.08541666666666667 0.041666666666666664
0 0.31875 0.20208333333333334 0.05416666666666667 0.0375
0 0.3125 0.23541666666666666 0.1 0.06666666666666667
0 0.25104166666666666 0.30416666666666664 0.052083333333333336 0.075
0 0.2916666666666667 0.303125 0.04583333333333333 0.09375
0 0.4614583333333333 0.20729166666666665 0.14791666666666667 0.035416666666666666
0 0.58125 0.17916666666666667 0.08333333333333333 0.05416666666666667
0 0.5354166666666667 0.2791666666666667 0.14166666666666666 0.04583333333333333
0 0.409375 0.23958333333333334 0.10625 0.05
0 0.36666666666666664 0.30104166666666665 0.05 0.12291666666666666
0 0.21562499999999998 0.3697916666666667 0.04791666666666666 0.07708333333333334
0 0.07395833333333333 0.42916666666666664 0.05625 0.0875
0 0.1125 0.4479166666666667 0.04583333333333333 0.07916666666666666
0 0.20520833333333333 0.42083333333333334 0.03958333333333333 0.06666666666666667
0 0.24375 0.36041666666666666 0.05 0.0625
0 0.3 0.3854166666666667 0.07083333333333333 0.0375
0 0.346875 0.38125 0.035416666666666666 0.09583333333333333
0 0.41562499999999997 0.403125 0.07291666666666667 0.05625
0 0.5395833333333333 0.3302083333333333 0.0375 0.08125
0 0.5375 0.3385416666666667 0.14166666666666666 0.035416666666666666
0 0.69375 0.2125 0.04583333333333333 0.07083333333333333
0 0.68125 0.26979166666666665 0.075 0.06875
0 0.728125 0.19583333333333333 0.08125 0.06666666666666667
0 0.8197916666666667 0.23333333333333334 0.07708333333333334 0.05416666666666667
0 0.9093749999999999 0.23854166666666665 0.07708333333333334 0.04375
0 0.8114583333333333 0.18125 0.09375 0.041666666666666664
0 0.08958333333333333 0.5708333333333333 0.09166666666666666 0.09166666666666666
0 0.696875 0.3802083333333333 0.07708333333333334 0.09375
0 0.7614583333333333 0.46249999999999997 0.05625 0.08333333333333333
0 0.8770833333333333 0.353125 0.075 0.052083333333333336
0 0.7802083333333333 0.31875 0.10625 0.07083333333333333
0 0.803125 0.26979166666666665 0.09375 0.052083333333333336
0 0.828125 0.296875 0.04791666666666666 0.035416666666666666
0 0.8875 0.28125 0.09583333333333333 0.04583333333333333
0 0.9145833333333333 0.29583333333333334 0.041666666666666664 0.06666666666666667
0 0.96875 0.26458333333333334 0.058333333333333334 0.0375
0 0.9718749999999999 0.3 0.052083333333333336 0.041666666666666664
0 0.96875 0.34479166666666666 0.05416666666666667 0.035416666666666666
0 0.9718749999999999 0.3802083333333333 0.052083333333333336 0.04791666666666666
0 0.9395833333333333 0.4552083333333333 0.06666666666666667 0.08958333333333333
0 0.8385416666666666 0.4864583333333333 0.06458333333333333 0.10208333333333333
0 0.903125 0.459375 0.052083333333333336 0.05625
0 0.934375 0.5135416666666667 0.08541666666666667 0.08125
0 0.5447916666666667 0.39791666666666664 0.06458333333333333 0.07083333333333333
0 0.6083333333333333 0.4 0.05416666666666667 0.058333333333333334
0 0.6125 0.4375 0.09166666666666666 0.0625
0 0.5333333333333333 0.4666666666666667 0.04583333333333333 0.05416666666666667
0 0.5520833333333334 0.49583333333333335 0.0375 0.1
0 0.653125 0.4927083333333333 0.06041666666666667 0.03958333333333333
0 0.6916666666666667 0.503125 0.08333333333333333 0.04375
0 0.7375 0.5895833333333333 0.08333333333333333 0.07083333333333333
0 0.7010416666666667 0.6447916666666667 0.05625 0.06875
0 0.584375 0.5979166666666667 0.11875 0.08333333333333333
0 0.46770833333333334 0.48854166666666665 0.08541666666666667 0.04791666666666666
0 0.4125 0.45625 0.07083333333333333 0.07083333333333333
0 0.21666666666666667 0.5 0.04583333333333333 0.075
0 0.0125 0.475 0.025 0.07083333333333333
0 0.015625 0.6572916666666666 0.03125 0.08958333333333333
0 0.8937499999999999 0.7125 0.12916666666666665 0.05
0 0.303125 0.5114583333333333 0.06041666666666667 0.11875
0 0.17916666666666667 0.7739583333333333 0.0625 0.08125
0 0.20729166666666665 0.5833333333333334 0.04375 0.07916666666666666
0 0.24687499999999998 0.6114583333333333 0.03125 0.07708333333333334
0 0.4583333333333333 0.5416666666666666 0.0375 0.09166666666666666
0 0.5854166666666667 0.6791666666666667 0.09166666666666666 0.06666666666666667
0 0.659375 0.7125 0.052083333333333336 0.058333333333333334
0 0.7302083333333333 0.7333333333333333 0.13958333333333334 0.0375
0 0.8635416666666667 0.6625 0.17708333333333334 0.041666666666666664
0 0.8489583333333334 0.634375 0.10208333333333333 0.035416666666666666
0 0.7895833333333333 0.6197916666666666 0.05416666666666667 0.035416666666666666
0 0.809375 0.584375 0.06875 0.03958333333333333
0 0.8364583333333333 0.5552083333333333 0.052083333333333336 0.022916666666666665
0 0.8572916666666667 0.5989583333333334 0.06041666666666667 0.027083333333333334
0 0.7854166666666667 0.6989583333333333 0.0625 0.03125
0 0.9718749999999999 0.803125 0.04375 0.06041666666666667
0 0.975 0.8677083333333333 0.04583333333333333 0.04791666666666666
0 0.5135416666666667 0.7552083333333334 0.08958333333333333 0.035416666666666666
0 0.5645833333333333 0.8177083333333334 0.12083333333333333 0.03958333333333333
0 0.2833333333333333 0.715625 0.041666666666666664 0.12708333333333333
0 0.3989583333333333 0.653125 0.09375 0.06041666666666667
0 0.13333333333333333 0.6614583333333334 0.05416666666666667 0.08958333333333333
0 0.225 0.66875 0.075 0.05416666666666667
0 0.21354166666666666 0.70625 0.06041666666666667 0.029166666666666667
0 0.090625 0.853125 0.06041666666666667 0.06875
0 0.15833333333333333 0.8395833333333333 0.05 0.058333333333333334
0 0.7385416666666667 0.8791666666666667 0.14375 0.04583333333333333
0 0.6104166666666666 0.8875 0.1125 0.03333333333333333
0 0.3385416666666667 0.8958333333333334 0.08125 0.029166666666666667
0 0.06666666666666667 0.6854166666666667 0.04583333333333333 0.0875
0 0.359375 0.6729166666666666 0.05625 0.03333333333333333
0 0.38125 0.8020833333333334 0.09583333333333333 0.08333333333333333
0 0.621875 0.775 0.06458333333333333 0.041666666666666664
0 0.6510416666666666 0.7604166666666666 0.04791666666666666 0.05
0 0.465625 0.675 0.04791666666666666 0.07916666666666666
0 0.459375 0.6135416666666667 0.06875 0.04791666666666666
0 0.271875 0.5135416666666667 0.06041666666666667 0.08541666666666667
0 0.43333333333333335 0.73125 0.14166666666666666 0.0375
0 0.35104166666666664 0.5 0.035416666666666666 0.04583333333333333
0 0.38645833333333335 0.5114583333333333 0.06041666666666667 0.052083333333333336
