0 0.016891891891891893 0.12157534246575341 0.033783783783783786 0.04794520547945205
0 0.015926640926640926 0.2645547945205479 0.03185328185328185 0.053082191780821915
0 0.0250965250965251 0.30222602739726023 0.03861003861003861 0.046232876712328765
0 0.07963320463320464 0.2970890410958904 0.026061776061776062 0.04280821917808219
0 0.09893822393822393 0.32962328767123283 0.033783783783783786 0.03595890410958904
0 0.029922779922779922 0.4965753424657534 0.02895752895752896 0.04452054794520548
0 0.16216216216216217 0.23715753424657532 0.02316602316602317 0.039383561643835614
0 0.22393822393822393 0.0625 0.04247104247104247 0.09417808219178081
0 0.09555984555984556 0.04794520547945205 0.11776061776061776 0.07191780821917808
0 0.024613899613899613 0.1703767123287671 0.04922779922779923 0.10445205479452055
0 0.1472007722007722 0.32363013698630133 0.03571428571428571 0.08561643835616438
0 0.10569498069498069 0.42551369863013694 0.026061776061776062 0.0839041095890411
0 0.13465250965250966 0.4066780821917808 0.04343629343629344 0.07705479452054795
0 0.061293436293436296 0.44863013698630133 0.07818532818532818 0.10616438356164383
0 0.024613899613899613 0.5607876712328766 0.0472972972972973 0.0839041095890411
0 0.0637065637065637 0.5179794520547945 0.03088803088803089 0.07363013698630136
0 0.045366795366795366 0.6558219178082192 0.03088803088803089 0.0547945205479452
0 0.033301158301158304 0.6883561643835616 0.03957528957528958 0.04452054794520548
0 0.041023166023166024 0.6900684931506849 0.08204633204633205 0.2636986301369863
0 0.032335907335907334 0.9152397260273972 0.041505791505791506 0.05650684931506849
0 0.09845559845559845 0.7268835616438356 0.04247104247104247 0.046232876712328765
0 0.10810810810810811 0.8082191780821917 0.03088803088803089 0.07191780821917808
0 0.08590733590733592 0.8450342465753424 0.0444015444015444 0.05650684931506849
0 0.14189189189189189 0.7602739726027397 0.04826254826254826 0.06506849315068493
0 0.1447876447876448 0.711472602739726 0.05405405405405406 0.07363013698630136
0 0.14430501930501932 0.6652397260273972 0.056949806949806954 0.032534246575342464
0 0.16843629343629343 0.6207191780821918 0.05115830115830116 0.04280821917808219
0 0.15974903474903476 0.5924657534246575 0.06274131274131274 0.023972602739726026
0 0.13513513513513514 0.6061643835616438 0.04247104247104247 0.06506849315068493
0 0.14189189189189189 0.5590753424657534 0.0637065637065637 0.039383561643835614
0 0.10810810810810811 0.5462328767123288 0.021235521235521235 0.03424657534246575
0 0.1312741312741313 0.5136986301369862 0.0637065637065637 0.030821917808219176
0 0.12982625482625482 0.4777397260273972 0.060810810810810814 0.04794520547945205
0 0.24276061776061778 0.20633561643835616 0.05115830115830116 0.059931506849315065
0 0.22876447876447878 0.2679794520547945 0.04054054054054054 0.04280821917808219
0 0.22297297297297297 0.3398972602739726 0.03667953667953668 0.046232876712328765
0 0.19642857142857142 0.3279109589041096 0.03571428571428571 0.059931506849315065
0 0.20511583011583012 0.4015410958904109 0.06467181467181467 0.04280821917808219
0 0.22538610038610038 0.4306506849315068 0.05501930501930502 0.03595890410958904
0 0.21862934362934364 0.4306506849315068 0.15733590733590733 0.20376712328767121
0 0.32094594594594594 0.3167808219178082 0.05115830115830116 0.08561643835616438
0 0.2997104247104247 0.261986301369863 0.03571428571428571 0.0410958904109589
0 0.361003861003861 0.24914383561643835 0.059845559845559844 0.05650684931506849
0 0.38223938223938225 0.18664383561643835 0.02895752895752896 0.07191780821917808
0 0.3812741312741313 0.14126712328767121 0.03667953667953668 0.059931506849315065
0 0.39768339768339767 0.1035958904109589 0.02702702702702703 0.059931506849315065
0 0.4194015444015444 0.04965753424657534 0.026061776061776062 0.04794520547945205
0 0.43532818532818535 0.09417808219178081 0.019305019305019305 0.05821917808219178
0 0.4107142857142857 0.13955479452054795 0.03571428571428571 0.04280821917808219
0 0.4406370656370657 0.24143835616438356 0.045366795366795366 0.07534246575342465
0 0.4396718146718147 0.300513698630137 0.03957528957528958 0.05650684931506849
0 0.3865830115830116 0.285958904109589 0.03185328185328185 0.06506849315068493
0 0.4034749034749035 0.33732876712328763 0.02702702702702703 0.0958904109589041
0 0.3701737451737452 0.3690068493150685 0.026061776061776062 0.09417808219178081
0 0.3344594594594595 0.4092465753424657 0.07625482625482626 0.07534246575342465
0 0.40250965250965254 0.4006849315068493 0.02702702702702703 0.05821917808219178
0 0.4232625482625483 0.39982876712328763 0.033783783783783786 0.0702054794520548
0 0.3783783783783784 0.5017123287671232 0.11776061776061776 0.05821917808219178
0 0.23696911196911197 0.5582191780821918 0.06467181467181467 0.06506849315068493
0 0.29922779922779924 0.5368150684931506 0.0444015444015444 0.05650684931506849
0 0.3277027027027027 0.586472602739726 0.037644787644787646 0.07705479452054795
0 0.28233590733590735 0.4811643835616438 0.0472972972972973 0.04452054794520548
0 0.33059845559845563 0.4126712328767123 0.06274131274131274 0.07191780821917808
0 0.3310810810810811 0.46232876712328763 0.0888030888030888 0.0547945205479452
0 0.27461389961389965 0.6241438356164383 0.027992277992277992 0.08047945205479451
0 0.3083976833976834 0.6361301369863014 0.045366795366795366 0.04965753424657534
0 0.35086872586872586 0.6986301369863013 0.02413127413127413 0.09246575342465753
0 0.2697876447876448 0.6952054794520548 0.045366795366795366 0.0547945205479452
0 0.24613899613899615 0.738013698630137 0.055984555984555984 0.0547945205479452
0 0.22779922779922782 0.6660958904109588 0.05791505791505792 0.11301369863013698
0 0.21380308880308882 0.761986301369863 0.0472972972972973 0.06506849315068493
0 0.236003861003861 0.8159246575342465 0.060810810810810814 0.07363013698630136
0 0.2446911196911197 0.845890410958904 0.12451737451737452 0.1095890410958904
0 0.1611969111969112 0.9417808219178082 0.03474903474903475 0.0958904109589041
0 0.24420849420849422 0.9143835616438356 0.05791505791505792 0.07191780821917808
0 0.28861003861003864 0.9135273972602739 0.0250965250965251 0.053082191780821915
0 0.3248069498069498 0.9160958904109588 0.0472972972972973 0.13013698630136986
0 0.38803088803088803 0.8621575342465753 0.02702702702702703 0.08047945205479451
0 0.38223938223938225 0.9332191780821917 0.03667953667953668 0.0684931506849315
0 0.41312741312741313 0.9648972602739726 0.06563706563706564 0.046232876712328765
0 0.4985521235521236 0.9246575342465753 0.0916988416988417 0.1232876712328767
0 0.5830115830115831 0.9392123287671232 0.09652509652509653 0.09075342465753425
0 0.4985521235521236 0.3030821917808219 0.03571428571428571 0.136986301369863
0 0.5313706563706564 0.2482876712328767 0.03571428571428571 0.0684931506849315
0 0.5728764478764479 0.398972602739726 0.10521235521235521 0.2191780821917808
0 0.6322393822393823 0.3279109589041096 0.03861003861003861 0.059931506849315065
0 0.6148648648648649 0.40753424657534243 0.06177606177606178 0.07534246575342465
0 0.6607142857142857 0.4169520547945205 0.03571428571428571 0.11472602739726026
0 0.6428571428571429 0.4717465753424657 0.11583011583011583 0.06678082191780821
0 0.5246138996138996 0.5128424657534246 0.09942084942084942 0.07705479452054795
0 0.44160231660231664 0.5368150684931506 0.07625482625482626 0.04280821917808219
0 0.3687258687258687 0.607876712328767 0.04247104247104247 0.11986301369863013
0 0.416023166023166 0.5976027397260274 0.021235521235521235 0.09931506849315068
0 0.4797297297297297 0.6018835616438356 0.08108108108108109 0.10102739726027396
0 0.4174710424710425 0.6429794520547945 0.07625482625482626 0.053082191780821915
0 0.4005791505791506 0.6686643835616438 0.07528957528957529 0.04280821917808219
0 0.43050193050193053 0.7217465753424657 0.06177606177606178 0.04965753424657534
0 0.4015444015444016 0.7457191780821918 0.05405405405405406 0.04280821917808219
0 0.402992277992278 0.7799657534246575 0.06467181467181467 0.04965753424657534
0 0.5694980694980695 0.7303082191780822 0.03474903474903475 0.059931506849315065
0 0.5337837837837838 0.6892123287671232 0.07915057915057916 0.04280821917808219
0 0.48503861003861004 0.672945205479452 0.05115830115830116 0.04452054794520548
0 0.5622586872586872 0.6258561643835616 0.04922779922779923 0.09417808219178081
0 0.5511583011583012 0.6198630136986301 0.10617760617760617 0.06506849315068493
0 0.6254826254826255 0.6181506849315068 0.07142857142857142 0.08561643835616438
0 0.7461389961389961 0.6618150684931506 0.17374517374517376 0.148972602739726
0 0.8180501930501931 0.4297945205479452 0.037644787644787646 0.07876712328767123
0 0.8388030888030888 0.47431506849315064 0.03667953667953668 0.04794520547945205
0 0.8416988416988417 0.523972602739726 0.06563706563706564 0.06506849315068493
0 0.7601351351351352 0.5128424657534246 0.05115830115830116 0.046232876712328765
0 0.8692084942084942 0.6840753424657534 0.041505791505791506 0.03595890410958904
0 0.8330115830115831 0.7628424657534246 0.059845559845559844 0.05650684931506849
0 0.7200772200772201 0.8553082191780822 0.138996138996139 0.15582191780821916
0 0.5477799227799228 0.800513698630137 0.027992277992277992 0.12157534246575341
0 0.5694980694980695 0.8056506849315068 0.05405405405405406 0.08047945205479451
0 0.5974903474903475 0.8065068493150684 0.07142857142857142 0.10273972602739725
0 0.9358108108108109 0.9238013698630136 0.1167953667953668 0.125
0 0.9527027027027027 0.6601027397260274 0.055984555984555984 0.12842465753424656
0 0.08735521235521236 0.7337328767123287 0.04343629343629344 0.11815068493150685
0 0.41795366795366795 0.4520547945205479 0.1003861003861004 0.05821917808219178
0 0.4671814671814672 0.37671232876712324 0.03088803088803089 0.07876712328767123
0 0.49469111969111973 0.3852739726027397 0.05501930501930502 0.10273972602739725
0 0.5912162162162162 0.3030821917808219 0.07818532818532818 0.13356164383561642
0 0.3161196911196911 0.6832191780821918 0.056949806949806954 0.05136986301369863
0 0.10135135135135136 0.7320205479452054 0.04633204633204634 0.04280821917808219
0 0.15685328185328185 0.7893835616438356 0.060810810810810814 0.1643835616438356
