0 0.49074074074074076 0.17023026315789472 0.1 0.07072368421052631
0 0.4449074074074074 0.2574013157894737 0.03796296296296296 0.13651315789473684
0 0.5449074074074074 0.3231907894736842 0.05648148148148149 0.1069078947368421
0 0.6111111111111112 0.24917763157894735 0.07037037037037037 0.05098684210526316
0 0.6189814814814815 0.30180921052631576 0.07314814814814816 0.03782894736842105
0 0.17037037037037037 0.36184210526315785 0.03518518518518519 0.08881578947368421
0 0.19861111111111113 0.41447368421052627 0.036111111111111115 0.06907894736842105
0 0.23981481481481481 0.390625 0.05555555555555556 0.09375
0 0.22453703703703703 0.4449013157894737 0.04166666666666667 0.07401315789473684
0 0.2240740740740741 0.490953947368421 0.053703703703703705 0.04769736842105263
0 0.30092592592592593 0.36348684210526316 0.03518518518518519 0.08223684210526315
0 0.3421296296296296 0.4276315789473684 0.028703703703703703 0.11513157894736842
0 0.3231481481481482 0.4917763157894737 0.06296296296296297 0.049342105263157895
0 0.42638888888888893 0.48930921052631576 0.07685185185185185 0.05427631578947368
0 0.39490740740740743 0.5814144736842105 0.09166666666666667 0.0805921052631579
0 0.3138888888888889 0.7179276315789473 0.05555555555555556 0.04769736842105263
0 0.3439814814814815 0.7327302631578947 0.058333333333333334 0.09375
0 0.5416666666666667 0.4259868421052631 0.06481481481481481 0.042763157894736836
0 0.5199074074074074 0.4794407894736842 0.09537037037037037 0.06414473684210525
0 0.625 0.3421052631578947 0.02777777777777778 0.09539473684210525
0 0.6476851851851853 0.3889802631578947 0.03981481481481482 0.09046052631578946
0 0.7490740740740741 0.272203947368421 0.05740740740740741 0.07401315789473684
0 0.7856481481481482 0.23684210526315788 0.05462962962962963 0.06907894736842105
0 0.6717592592592593 0.4695723684210526 0.04722222222222222 0.04769736842105263
0 0.6245370370370371 0.5855263157894737 0.07314814814814816 0.08223684210526315
0 0.6319444444444444 0.6389802631578947 0.04166666666666667 0.05427631578947368
0 0.6194444444444445 0.7171052631578947 0.0462962962962963 0.11513157894736842
0 0.5018518518518519 0.7261513157894737 0.08148148148148149 0.08388157894736842
0 0.7722222222222223 0.6085526315789473 0.040740740740740744 0.1282894736842105
0 0.75 0.6817434210526315 0.044444444444444446 0.1332236842105263
0 0.8268518518518518 0.6735197368421052 0.03888888888888889 0.11019736842105263
0 0.8101851851851852 0.7228618421052632 0.06666666666666667 0.06414473684210525
0 0.9 0.5427631578947368 0.05925925925925926 0.11513157894736842
0 0.8361111111111111 0.3626644736842105 0.040740740740740744 0.0805921052631579
0 0.950925925925926 0.44901315789473684 0.06851851851851852 0.10855263157894736
