0 0.14200000000000002 0.397 0.1 0.314
0 0.311 0.375 0.10200000000000001 0.17400000000000002
0 0.242 0.449 0.148 0.10200000000000001
0 0.395 0.321 0.17 0.094
0 0.468 0.219 0.18 0.09
0 0.536 0.318 0.14 0.164
0 0.604 0.455 0.17200000000000001 0.106
0 0.303 0.544 0.178 0.068
0 0.293 0.674 0.138 0.184
0 0.432 0.6910000000000001 0.10400000000000001 0.186
0 0.536 0.591 0.23600000000000002 0.134
0 0.425 0.445 0.114 0.17
0 0.661 0.717 0.278 0.13
0 0.89 0.47000000000000003 0.1 0.252
0 0.745 0.455 0.08600000000000001 0.20600000000000002
0 0.781 0.5 0.078 0.192
0 0.745 0.277 0.158 0.078
0 0.649 0.219 0.094 0.11800000000000001
0 0.42 0.039 0.2 0.07
