0 0.4266666666666667 0.21500000000000002 0.08666666666666667 0.15666666666666668
0 0.5466666666666667 0.21500000000000002 0.16666666666666669 0.10333333333333335
0 0.2966666666666667 0.23833333333333334 0.16 0.09000000000000001
0 0.2366666666666667 0.48500000000000004 0.10666666666666667 0.2833333333333333
0 0.10166666666666667 0.48833333333333334 0.11666666666666667 0.16333333333333333
0 0.04166666666666667 0.6050000000000001 0.08333333333333334 0.35000000000000003
0 0.255 0.7283333333333334 0.15666666666666668 0.18333333333333335
0 0.16666666666666669 0.8033333333333333 0.10666666666666667 0.21333333333333335
0 0.08833333333333333 0.7916666666666667 0.09000000000000001 0.20333333333333334
0 0.35000000000000003 0.5083333333333334 0.16 0.21000000000000002
0 0.2866666666666667 0.35833333333333334 0.08 0.1366666666666667
0 0.35333333333333333 0.36000000000000004 0.08666666666666667 0.2
0 0.5433333333333333 0.43833333333333335 0.2 0.16333333333333333
0 0.4866666666666667 0.6233333333333334 0.08 0.22666666666666668
0 0.6216666666666667 0.6066666666666667 0.08333333333333334 0.2
0 0.4516666666666667 0.8200000000000001 0.13 0.15333333333333335
0 0.2966666666666667 0.9233333333333333 0.17333333333333334 0.12666666666666668
0 0.6683333333333333 0.8766666666666667 0.21000000000000002 0.24000000000000002
0 0.8016666666666667 0.7866666666666667 0.14333333333333334 0.22666666666666668
0 0.8883333333333334 0.77 0.07 0.22
0 0.9466666666666668 0.6816666666666668 0.1 0.36333333333333334
0 0.6900000000000001 0.26333333333333336 0.1 0.19333333333333336
0 0.7966666666666667 0.35333333333333333 0.13333333333333333 0.24000000000000002
0 0.8233333333333334 0.6133333333333334 0.14 0.12666666666666668
0 0.6633333333333333 0.4133333333333334 0.13333333333333333 0.14666666666666667
0 0.5866666666666667 0.3066666666666667 0.18666666666666668 0.09333333333333334
0 0.12000000000000001 0.36000000000000004 0.15333333333333335 0.12666666666666668
