0 0.21 0.19708029197080293 0.17200000000000001 0.25790754257907544
0 0.488 0.21897810218978103 0.272 0.16058394160583941
0 0.735 0.2956204379562044 0.222 0.1630170316301703
0 0.20500000000000002 0.5632603406326034 0.178 0.34306569343065696
0 0.323 0.5279805352798054 0.114 0.36009732360097324
0 0.418 0.6094890510948905 0.1 0.40632603406326034
0 0.637 0.3953771289537713 0.318 0.1386861313868613
0 0.668 0.5121654501216545 0.276 0.15328467153284672
0 0.852 0.5279805352798054 0.292 0.18491484184914841
0 0.727 0.6824817518248175 0.374 0.1630170316301703
0 0.786 0.818734793187348 0.28400000000000003 0.17761557177615572
0 0.311 0.8832116788321168 0.25 0.22871046228710462
0 0.9510000000000001 0.8357664233576643 0.08600000000000001 0.09489051094890512
