0 0.5784722222222223 0.2888888888888889 0.043055555555555555 0.05555555555555556
0 0.5743055555555556 0.3462962962962963 0.12638888888888888 0.08148148148148149
0 0.6013888888888889 0.4675925925925926 0.058333333333333334 0.07592592592592592
0 0.41875 0.5583333333333333 0.051388888888888894 0.07222222222222223
0 0.4041666666666667 0.8814814814814815 0.06944444444444445 0.06666666666666667
0 0.6354166666666667 0.763888888888889 0.0625 0.10555555555555556
0 0.7479166666666667 0.8462962962962963 0.07083333333333333 0.10370370370370371
0 0.8006944444444445 0.5203703703703704 0.043055555555555555 0.08518518518518518
0 0.6555555555555556 0.6111111111111112 0.06666666666666667 0.06666666666666667
0 0.6875 0.5398148148148149 0.06666666666666667 0.08703703703703704
0 0.6819444444444445 0.45555555555555555 0.06666666666666667 0.06666666666666667
0 0.6770833333333334 0.3685185185185185 0.08194444444444444 0.06666666666666667
0 0.6715277777777778 0.31574074074074077 0.07361111111111111 0.07222222222222223
