0 0.22 0.337 0.176 0.094
0 0.195 0.427 0.11800000000000001 0.066
0 0.275 0.535 0.242 0.098
0 0.233 0.678 0.122 0.168
0 0.329 0.728 0.09 0.152
0 0.382 0.655 0.12 0.17400000000000002
0 0.538 0.13 0.088 0.052000000000000005
0 0.8170000000000001 0.35100000000000003 0.082 0.13
0 0.56 0.552 0.088 0.12
0 0.685 0.47100000000000003 0.146 0.198
0 0.637 0.648 0.198 0.108
0 0.834 0.583 0.084 0.218
0 0.603 0.734 0.19 0.096
0 0.625 0.793 0.178 0.062
0 0.6 0.84 0.2 0.07200000000000001
0 0.532 0.329 0.112 0.11800000000000001
0 0.622 0.291 0.052000000000000005 0.042
