0 0.14250000000000002 0.19375 0.12 0.3375
0 0.295 0.06625 0.1 0.1325
0 0.37625000000000003 0.02 0.0725 0.04
0 0.6687500000000001 0.12875 0.2775 0.1975
0 0.455 0.19 0.25 0.13
0 0.28750000000000003 0.275 0.105 0.28500000000000003
0 0.17 0.425 0.27 0.095
0 0.44625000000000004 0.3425 0.1775 0.135
0 0.6 0.41125 0.145 0.0925
0 0.82375 0.3775 0.2175 0.17
0 0.4425 0.445 0.21 0.075
0 0.47875 0.49875 0.2025 0.0575
0 0.16625 0.55625 0.3025 0.17250000000000001
0 0.225 0.675 0.28500000000000003 0.11
0 0.27 0.8375 0.15 0.255
0 0.41000000000000003 0.6275000000000001 0.08 0.23500000000000001
0 0.48 0.61375 0.08 0.1775
0 0.56 0.64125 0.105 0.1775
0 0.755 0.55875 0.23500000000000001 0.0925
0 0.6425 0.66 0.105 0.21
0 0.47625 0.745 0.11750000000000001 0.095
0 0.54875 0.765 0.0725 0.1
0 0.61875 0.80125 0.1275 0.0775
