0 0.205625 0.18812500000000001 0.12125 0.16875
0 0.49312500000000004 0.105625 0.19875 0.12375
0 0.7825 0.18875 0.165 0.1975
0 0.11750000000000001 0.323125 0.1525 0.11625
0 0.253125 0.319375 0.10125 0.11875000000000001
0 0.7000000000000001 0.30125 0.15 0.0775
0 0.1925 0.415625 0.2525 0.06375
0 0.213125 0.47375 0.21125 0.0575
0 0.10125 0.61625 0.0975 0.185
0 0.339375 0.660625 0.15125 0.13375
0 0.15875 0.7468750000000001 0.1075 0.16125
0 0.41625 0.281875 0.1775 0.08625000000000001
0 0.524375 0.3275 0.04875 0.23750000000000002
0 0.605 0.24 0.195 0.12
0 0.8718750000000001 0.503125 0.09875 0.23875000000000002
0 0.826875 0.639375 0.09875 0.17625
0 0.6275000000000001 0.486875 0.1775 0.15125
0 0.5275 0.6325000000000001 0.21 0.16
0 0.52375 0.846875 0.19 0.17125
0 0.6625 0.699375 0.14 0.17875
0 0.734375 0.886875 0.20625000000000002 0.07875
0 0.48375 0.93625 0.20750000000000002 0.07
0 0.9237500000000001 0.6875 0.0925 0.20750000000000002
