0 0.020833333333333332 0.07837301587301587 0.041666666666666664 0.08134920634920634
0 0.06349206349206349 0.08630952380952381 0.06746031746031746 0.041666666666666664
0 0.17063492063492064 0.021825396825396824 0.08333333333333333 0.03571428571428571
0 0.21428571428571427 0.06547619047619047 0.047619047619047616 0.06349206349206349
0 0.2648809523809524 0.0248015873015873 0.08531746031746032 0.02976190476190476
0 0.33035714285714285 0.025793650793650792 0.06547619047619047 0.04365079365079365
0 0.44146825396825395 0.018849206349206348 0.08134920634920634 0.03373015873015873
0 0.35218253968253965 0.05257936507936507 0.0734126984126984 0.02976190476190476
0 0.2867063492063492 0.09424603174603174 0.0496031746031746 0.06944444444444445
0 0.22123015873015872 0.10714285714285714 0.10119047619047619 0.031746031746031744
0 0.12103174603174602 0.11507936507936507 0.07539682539682539 0.05952380952380952
0 0.020833333333333332 0.16865079365079363 0.041666666666666664 0.06746031746031746
0 0.05257936507936507 0.15575396825396826 0.0496031746031746 0.061507936507936505
0 0.012896825396825396 0.24900793650793648 0.025793650793650792 0.09325396825396826
0 0.057539682539682536 0.248015873015873 0.07142857142857142 0.051587301587301584
0 0.11805555555555555 0.16765873015873015 0.03373015873015873 0.037698412698412696
0 0.1369047619047619 0.17956349206349206 0.05555555555555555 0.07738095238095238
0 0.22916666666666666 0.19146825396825395 0.06547619047619047 0.05357142857142857
0 0.6547619047619048 0.0248015873015873 0.1111111111111111 0.04563492063492063
0 0.47916666666666663 0.08035714285714285 0.057539682539682536 0.037698412698412696
0 0.4126984126984127 0.10615079365079365 0.05952380952380952 0.037698412698412696
0 0.40773809523809523 0.14285714285714285 0.09325396825396826 0.05555555555555555
0 0.4841269841269841 0.11309523809523808 0.07936507936507936 0.031746031746031744
0 0.28075396825396826 0.18055555555555555 0.04563492063492063 0.05555555555555555
0 0.3363095238095238 0.16765873015873015 0.06547619047619047 0.057539682539682536
0 0.32936507936507936 0.12301587301587301 0.06349206349206349 0.031746031746031744
0 0.611111111111111 0.12202380952380952 0.0873015873015873 0.04563492063492063
0 0.5119047619047619 0.14384920634920634 0.08333333333333333 0.041666666666666664
0 0.4880952380952381 0.185515873015873 0.10317460317460317 0.041666666666666664
0 0.34325396825396826 0.21924603174603174 0.07142857142857142 0.04563492063492063
0 0.2113095238095238 0.2738095238095238 0.08928571428571427 0.04365079365079365
0 0.22619047619047616 0.2371031746031746 0.07142857142857142 0.0496031746031746
0 0.10912698412698413 0.2609126984126984 0.06349206349206349 0.057539682539682536
0 0.048611111111111105 0.375 0.0496031746031746 0.12301587301587301
0 0.07837301587301587 0.3501984126984127 0.04563492063492063 0.061507936507936505
0 0.12003968253968253 0.3273809523809524 0.057539682539682536 0.09126984126984126
0 0.8055555555555555 0.018849206349206348 0.047619047619047616 0.02976190476190476
0 0.9305555555555555 0.03273809523809523 0.07142857142857142 0.04563492063492063
0 0.8075396825396824 0.05952380952380952 0.05555555555555555 0.051587301587301584
0 0.8660714285714285 0.06646825396825397 0.057539682539682536 0.06547619047619047
0 0.9474206349206349 0.08333333333333333 0.04563492063492063 0.051587301587301584
0 0.9424603174603174 0.13293650793650794 0.04365079365079365 0.05952380952380952
0 0.9067460317460317 0.14186507936507936 0.051587301587301584 0.06547619047619047
0 0.8551587301587301 0.12896825396825395 0.04365079365079365 0.05555555555555555
0 0.8125 0.0992063492063492 0.06547619047619047 0.05555555555555555
0 0.7648809523809523 0.1240079365079365 0.06944444444444445 0.06944444444444445
0 0.7152777777777778 0.16468253968253968 0.0734126984126984 0.03571428571428571
0 0.6537698412698413 0.19146825396825395 0.06547619047619047 0.07738095238095238
0 0.7301587301587301 0.20833333333333331 0.06349206349206349 0.07539682539682539
0 0.8601190476190476 0.22718253968253968 0.06547619047619047 0.08928571428571427
0 0.9513888888888888 0.2996031746031746 0.041666666666666664 0.08333333333333333
0 0.7142857142857142 0.2787698412698413 0.05555555555555555 0.0496031746031746
0 0.7797619047619048 0.2777777777777778 0.05555555555555555 0.06746031746031746
0 0.8382936507936507 0.30357142857142855 0.041666666666666664 0.03968253968253968
0 0.8432539682539683 0.3819444444444444 0.03968253968253968 0.0734126984126984
0 0.8829365079365079 0.375 0.051587301587301584 0.0873015873015873
0 0.9464285714285714 0.373015873015873 0.03968253968253968 0.05555555555555555
0 0.9642857142857142 0.4454365079365079 0.06349206349206349 0.09325396825396826
0 0.9176587301587301 0.4593253968253968 0.04563492063492063 0.08134920634920634
0 0.9265873015873015 0.5267857142857143 0.03571428571428571 0.06547619047619047
0 0.9553571428571428 0.5833333333333333 0.057539682539682536 0.07539682539682539
0 0.8928571428571428 0.5882936507936508 0.047619047619047616 0.08928571428571427
0 0.8402777777777777 0.4464285714285714 0.05357142857142857 0.0873015873015873
0 0.7003968253968254 0.34027777777777773 0.051587301587301584 0.08134920634920634
0 0.7470238095238095 0.39285714285714285 0.04563492063492063 0.09523809523809523
0 0.7688492063492063 0.4722222222222222 0.05357142857142857 0.09126984126984126
0 0.6597222222222222 0.45039682539682535 0.04563492063492063 0.0873015873015873
0 0.7063492063492063 0.4662698412698412 0.03968253968253968 0.09523809523809523
0 0.4186507936507936 0.24305555555555555 0.07142857142857142 0.03373015873015873
0 0.47817460317460314 0.2579365079365079 0.08333333333333333 0.03968253968253968
0 0.5615079365079365 0.23015873015873015 0.08333333333333333 0.05555555555555555
0 0.5595238095238095 0.30257936507936506 0.11904761904761904 0.0496031746031746
0 0.29067460317460314 0.33730158730158727 0.07738095238095238 0.07936507936507936
0 0.4097222222222222 0.35912698412698413 0.0734126984126984 0.047619047619047616
0 0.371031746031746 0.3501984126984127 0.05555555555555555 0.05357142857142857
0 0.42857142857142855 0.306547619047619 0.10317460317460317 0.0496031746031746
0 0.03571428571428571 0.49801587301587297 0.047619047619047616 0.09523809523809523
0 0.12003968253968253 0.45039682539682535 0.04563492063492063 0.11904761904761904
0 0.17261904761904762 0.42658730158730157 0.05952380952380952 0.0992063492063492
0 0.08035714285714285 0.4970238095238095 0.05357142857142857 0.07738095238095238
0 0.027777777777777776 0.5813492063492063 0.047619047619047616 0.07539682539682539
0 0.07539682539682539 0.5803571428571428 0.04365079365079365 0.10119047619047619
0 0.17757936507936506 0.5367063492063492 0.061507936507936505 0.08531746031746032
0 0.34523809523809523 0.42162698412698413 0.051587301587301584 0.06547619047619047
0 0.4196428571428571 0.42162698412698413 0.061507936507936505 0.057539682539682536
0 0.4851190476190476 0.35813492063492064 0.08134920634920634 0.041666666666666664
0 0.611111111111111 0.3501984126984127 0.06746031746031746 0.04563492063492063
0 0.5724206349206349 0.3630952380952381 0.05357142857142857 0.06349206349206349
0 0.548611111111111 0.38888888888888884 0.04563492063492063 0.07142857142857142
0 0.49801587301587297 0.4117063492063492 0.05952380952380952 0.03373015873015873
0 0.38888888888888884 0.501984126984127 0.05952380952380952 0.09126984126984126
0 0.248015873015873 0.4712301587301587 0.027777777777777776 0.08134920634920634
0 0.2777777777777778 0.4851190476190476 0.03571428571428571 0.11309523809523808
0 0.30158730158730157 0.47718253968253965 0.03571428571428571 0.08134920634920634
0 0.5952380952380952 0.4930555555555555 0.09126984126984126 0.04563492063492063
0 0.5942460317460317 0.4662698412698412 0.03373015873015873 0.03968253968253968
0 0.45039682539682535 0.47023809523809523 0.05952380952380952 0.03968253968253968
0 0.4613095238095238 0.5049603174603174 0.025793650793650792 0.03373015873015873
0 0.5188492063492063 0.5218253968253967 0.057539682539682536 0.05952380952380952
0 0.49007936507936506 0.552579365079365 0.05555555555555555 0.0496031746031746
0 0.35317460317460314 0.5684523809523809 0.03968253968253968 0.061507936507936505
0 0.3958333333333333 0.5634920634920635 0.04563492063492063 0.04365079365079365
0 0.37896825396825395 0.6101190476190476 0.03968253968253968 0.037698412698412696
0 0.29166666666666663 0.5922619047619048 0.04365079365079365 0.0734126984126984
0 0.22718253968253968 0.5962301587301587 0.0496031746031746 0.08928571428571427
0 0.18154761904761904 0.611111111111111 0.0496031746031746 0.07539682539682539
0 0.06944444444444445 0.685515873015873 0.047619047619047616 0.11309523809523808
0 0.022817460317460316 0.7202380952380952 0.037698412698412696 0.10317460317460317
0 0.22916666666666666 0.7073412698412698 0.05357142857142857 0.09722222222222221
0 0.1498015873015873 0.7073412698412698 0.041666666666666664 0.11706349206349206
0 0.11309523809523808 0.7698412698412698 0.09523809523809523 0.051587301587301584
0 0.3075396825396825 0.6587301587301587 0.051587301587301584 0.05952380952380952
0 0.06646825396825397 0.8442460317460317 0.0496031746031746 0.08531746031746032
0 0.03571428571428571 0.8978174603174602 0.05952380952380952 0.06944444444444445
0 0.023809523809523808 0.9434523809523809 0.047619047619047616 0.06547619047619047
0 0.42956349206349204 0.7152777777777778 0.07738095238095238 0.06547619047619047
0 0.3601190476190476 0.691468253968254 0.04563492063492063 0.061507936507936505
0 0.36607142857142855 0.6488095238095237 0.061507936507936505 0.05952380952380952
0 0.4375 0.6448412698412698 0.0734126984126984 0.07142857142857142
0 0.5426587301587301 0.5853174603174602 0.08531746031746032 0.047619047619047616
0 0.6180555555555555 0.5654761904761905 0.04563492063492063 0.05555555555555555
0 0.6845238095238095 0.5724206349206349 0.06746031746031746 0.0496031746031746
0 0.8204365079365079 0.560515873015873 0.04563492063492063 0.13293650793650794
0 0.7470238095238095 0.5833333333333333 0.03373015873015873 0.09523809523809523
0 0.7619047619047619 0.6388888888888888 0.031746031746031744 0.1111111111111111
0 0.8373015873015872 0.6696428571428571 0.04365079365079365 0.06944444444444445
0 0.9325396825396824 0.7182539682539683 0.05555555555555555 0.07936507936507936
0 0.5416666666666666 0.7599206349206349 0.09523809523809523 0.047619047619047616
0 0.5128968253968254 0.6626984126984127 0.061507936507936505 0.047619047619047616
0 0.5625 0.7033730158730158 0.08928571428571427 0.037698412698412696
0 0.6666666666666666 0.7083333333333333 0.0873015873015873 0.04365079365079365
0 0.5793650793650793 0.6666666666666666 0.05952380952380952 0.03571428571428571
0 0.6378968253968254 0.6517857142857143 0.057539682539682536 0.08134920634920634
0 0.7103174603174602 0.7341269841269841 0.06349206349206349 0.031746031746031744
0 0.742063492063492 0.7430555555555555 0.06349206349206349 0.0496031746031746
0 0.7708333333333333 0.7767857142857142 0.06547619047619047 0.08134920634920634
0 0.8492063492063492 0.7658730158730158 0.0873015873015873 0.08333333333333333
0 0.14186507936507936 0.8621031746031745 0.0734126984126984 0.05357142857142857
0 0.16865079365079363 0.8234126984126984 0.05555555555555555 0.051587301587301584
0 0.22916666666666666 0.8898809523809523 0.07738095238095238 0.061507936507936505
0 0.14583333333333331 0.9543650793650793 0.057539682539682536 0.08333333333333333
0 0.2787698412698413 0.9603174603174602 0.06944444444444445 0.06349206349206349
0 0.20833333333333331 0.9513888888888888 0.07936507936507936 0.0496031746031746
0 0.2986111111111111 0.8621031746031745 0.08134920634920634 0.08134920634920634
0 0.3988095238095238 0.8561507936507936 0.07936507936507936 0.04563492063492063
0 0.39980158730158727 0.8918650793650793 0.06944444444444445 0.04563492063492063
0 0.35813492063492064 0.9226190476190476 0.061507936507936505 0.047619047619047616
0 0.44246031746031744 0.9444444444444444 0.07142857142857142 0.047619047619047616
0 0.5148809523809523 0.9087301587301587 0.06944444444444445 0.051587301587301584
0 0.5853174603174602 0.9335317460317459 0.07936507936507936 0.04563492063492063
0 0.6329365079365079 0.861111111111111 0.0992063492063492 0.07142857142857142
0 0.6378968253968254 0.802579365079365 0.08134920634920634 0.0496031746031746
0 0.6785714285714285 0.814484126984127 0.03968253968253968 0.04563492063492063
0 0.742063492063492 0.865079365079365 0.07539682539682539 0.07936507936507936
0 0.8462301587301587 0.8779761904761905 0.07738095238095238 0.05357142857142857
0 0.7658730158730158 0.9335317460317459 0.07936507936507936 0.08531746031746032
0 0.9017857142857142 0.9335317460317459 0.09722222222222221 0.041666666666666664
0 0.8373015873015872 0.9573412698412698 0.09126984126984126 0.05357142857142857
0 0.9642857142857142 0.8928571428571428 0.047619047619047616 0.0873015873015873
0 0.9553571428571428 0.8640873015873015 0.06547619047619047 0.07738095238095238
0 0.9662698412698412 0.9751984126984127 0.06349206349206349 0.041666666666666664
0 0.41369047619047616 0.9791666666666666 0.08928571428571427 0.037698412698412696
0 0.2093253968253968 0.9801587301587301 0.061507936507936505 0.03571428571428571
0 0.40277777777777773 0.7956349206349206 0.06746031746031746 0.051587301587301584
0 0.45238095238095233 0.7867063492063492 0.06746031746031746 0.05357142857142857
0 0.30456349206349204 0.7807539682539683 0.057539682539682536 0.057539682539682536
0 0.3204365079365079 0.751984126984127 0.0734126984126984 0.05952380952380952
0 0.1984126984126984 0.7232142857142857 0.03571428571428571 0.10912698412698413
0 0.9781746031746031 0.7033730158730158 0.03968253968253968 0.07738095238095238
0 0.2589285714285714 0.2986111111111111 0.09325396825396826 0.0734126984126984
