0 0.30062500000000003 0.5575 0.16375 0.0575
0 0.400625 0.558125 0.07375 0.12875
0 0.50125 0.68125 0.12 0.08
0 0.370625 0.715 0.07875 0.115
0 0.44625000000000004 0.781875 0.14250000000000002 0.07125000000000001
0 0.596875 0.76 0.06875 0.11750000000000001
0 0.6975 0.66 0.06 0.155
0 0.289375 0.35625 0.06875 0.14
0 0.383125 0.234375 0.10875 0.09625
0 0.59875 0.253125 0.095 0.08375
0 0.42625 0.275 0.0725 0.0475
0 0.5525 0.37 0.0975 0.085
0 0.594375 0.321875 0.10125 0.07125000000000001
0 0.68125 0.32125 0.0575 0.1125
0 0.639375 0.3925 0.07375 0.1075
0 0.675625 0.45687500000000003 0.051250000000000004 0.08625000000000001
0 0.7525000000000001 0.3825 0.07 0.1525
0 0.36312500000000003 0.378125 0.07375 0.10125
