0 0.06354166666666666 0.09907407407407408 0.06614583333333333 0.1675925925925926
0 0.18450520833333334 0.02199074074074074 0.10182291666666667 0.04398148148148148
0 0.21432291666666667 0.09814814814814815 0.0640625 0.13148148148148148
0 0.3640625 0.06944444444444445 0.0640625 0.11574074074074074
0 0.16614583333333333 0.25833333333333336 0.052083333333333336 0.07314814814814816
0 0.144921875 0.28912037037037036 0.03567708333333333 0.12731481481481483
0 0.1453125 0.4655092592592593 0.078125 0.12916666666666668
0 0.027083333333333334 0.35578703703703707 0.04114583333333333 0.12546296296296297
0 0.6424479166666667 0.10486111111111111 0.0890625 0.15601851851851853
0 0.400390625 0.1502314814814815 0.07578125 0.06527777777777778
0 0.5170572916666667 0.11365740740740742 0.08984375 0.10787037037037038
0 0.4828125 0.2400462962962963 0.08020833333333333 0.12546296296296297
0 0.42148437499999997 0.1877314814814815 0.05755208333333333 0.059722222222222225
0 0.24153645833333334 0.3189814814814815 0.05755208333333333 0.06759259259259259
0 0.27291666666666664 0.24074074074074076 0.027083333333333334 0.11574074074074074
0 0.3162760416666667 0.2604166666666667 0.061718749999999996 0.05787037037037037
0 0.3359375 0.2939814814814815 0.07916666666666666 0.04814814814814815
0 0.3983072916666667 0.3439814814814815 0.08463541666666667 0.06759259259259259
0 0.38841145833333335 0.425 0.09973958333333333 0.0712962962962963
0 0.26263020833333334 0.43865740740740744 0.04765625 0.12546296296296297
0 0.04934895833333333 0.6363425925925926 0.05963541666666666 0.10416666666666667
0 0.04348958333333333 0.7145833333333333 0.07604166666666666 0.06342592592592593
0 0.12096354166666666 0.8166666666666667 0.06848958333333333 0.13333333333333333
0 0.263671875 0.6923611111111111 0.06953125 0.07731481481481482
0 0.2772135416666667 0.7868055555555555 0.10755208333333333 0.08101851851851852
0 0.1796875 0.945138888888889 0.10520833333333333 0.05787037037037037
0 0.7786458333333334 0.19861111111111113 0.11822916666666666 0.11944444444444445
0 0.7622395833333333 0.03657407407407408 0.09427083333333333 0.06944444444444445
0 0.855078125 0.07222222222222223 0.07369791666666667 0.1175925925925926
0 0.966796875 0.16273148148148148 0.06276041666666667 0.17175925925925928
0 0.9713541666666666 0.4395833333333333 0.05677083333333333 0.12361111111111112
0 0.56484375 0.35185185185185186 0.0921875 0.075
0 0.3921875 0.5516203703703704 0.07916666666666666 0.10787037037037038
0 0.41015625 0.7030092592592593 0.1 0.10601851851851853
0 0.595703125 0.513888888888889 0.04973958333333333 0.1212962962962963
0 0.5912760416666667 0.4502314814814815 0.05859375 0.059722222222222225
0 0.47213541666666664 0.6025462962962963 0.0390625 0.10972222222222222
0 0.5061197916666667 0.6962962962962963 0.046614583333333334 0.11574074074074074
0 0.5295572916666667 0.7773148148148148 0.10859375 0.07314814814814816
0 0.3907552083333333 0.8717592592592593 0.05859375 0.1
0 0.4432291666666667 0.8388888888888889 0.05520833333333333 0.13518518518518519
0 0.5744791666666667 0.8756944444444444 0.04010416666666666 0.13101851851851853
0 0.712890625 0.7115740740740741 0.07578125 0.07685185185185185
0 0.6678385416666667 0.5699074074074074 0.08567708333333333 0.11018518518518519
0 0.7779947916666666 0.5553240740740741 0.04348958333333333 0.14675925925925926
0 0.816015625 0.5986111111111111 0.03046875 0.09814814814814815
0 0.9016927083333334 0.7337962962962963 0.06953125 0.09444444444444444
0 0.65703125 0.8611111111111112 0.05520833333333333 0.17962962962962964
0 0.74765625 0.8824074074074074 0.052083333333333336 0.1564814814814815
0 0.51328125 0.9703703703703704 0.05 0.058333333333333334
0 0.7130208333333333 0.3576388888888889 0.078125 0.052314814814814814
0 0.6684895833333333 0.3055555555555556 0.06302083333333333 0.11018518518518519
0 0.8967447916666667 0.8226851851851852 0.031510416666666666 0.1175925925925926
0 0.9708333333333333 0.7974537037037037 0.057812499999999996 0.10601851851851853
0 0.94296875 0.8921296296296297 0.078125 0.09074074074074075
0 0.584375 0.6479166666666667 0.05520833333333333 0.09675925925925927
