0 0.030000000000000002 0.05851063829787234 0.04 0.1
0 0.26333333333333336 0.029787234042553193 0.04666666666666667 0.055319148936170216
0 0.22083333333333335 0.12234042553191489 0.05166666666666667 0.07446808510638298
0 0.09000000000000001 0.17872340425531916 0.06333333333333334 0.08936170212765958
0 0.05666666666666667 0.28191489361702127 0.07666666666666667 0.06595744680851064
0 0.03416666666666667 0.24042553191489363 0.03833333333333334 0.09361702127659574
0 0.17833333333333334 0.30319148936170215 0.04 0.07021276595744681
0 0.020833333333333336 0.5021276595744681 0.04166666666666667 0.059574468085106386
0 0.07250000000000001 0.6191489361702128 0.04166666666666667 0.09361702127659574
0 0.3541666666666667 0.7287234042553191 0.058333333333333334 0.06595744680851064
0 0.5475 0.6223404255319149 0.08166666666666667 0.04468085106382979
0 0.7350000000000001 0.5202127659574468 0.07333333333333333 0.07872340425531915
0 0.7358333333333333 0.7765957446808511 0.085 0.08085106382978724
0 0.7675000000000001 0.8457446808510638 0.10833333333333334 0.0574468085106383
0 0.5291666666666667 0.8553191489361702 0.07500000000000001 0.059574468085106386
0 0.455 0.9053191489361703 0.05666666666666667 0.08723404255319149
0 0.6108333333333333 0.9638297872340426 0.05166666666666667 0.0425531914893617
0 0.7358333333333333 0.9776595744680852 0.058333333333333334 0.04042553191489362
0 0.5183333333333333 0.9744680851063829 0.06333333333333334 0.03404255319148936
0 0.17833333333333334 0.975531914893617 0.05666666666666667 0.04042553191489362
0 0.9325000000000001 0.8361702127659575 0.12166666666666667 0.09361702127659574
