0 0.28 0.34236453201970446 0.23333333333333334 0.4975369458128079
0 0.505 0.4285714285714286 0.16333333333333333 0.5812807881773399
0 0.25 0.8054187192118226 0.2066666666666667 0.3793103448275862
0 0.7183333333333334 0.4408866995073892 0.15666666666666668 0.270935960591133
0 0.8783333333333334 0.3275862068965517 0.08333333333333334 0.35960591133004927
0 0.9483333333333334 0.29802955665024633 0.09666666666666668 0.3793103448275862
0 0.6900000000000001 0.8201970443349754 0.09333333333333334 0.3497536945812808
0 0.77 0.6798029556650247 0.12000000000000001 0.3645320197044335
0 0.8350000000000001 0.5517241379310345 0.09666666666666668 0.2955665024630542
0 0.9183333333333334 0.6231527093596059 0.09000000000000001 0.4187192118226601
