0 0.366 0.156 0.05733333333333333 0.18666666666666665
0 0.5813333333333334 0.030666666666666665 0.112 0.056
0 0.704 0.08933333333333333 0.104 0.15733333333333333
0 0.7833333333333333 0.158 0.04933333333333333 0.16666666666666666
0 0.6013333333333333 0.12066666666666666 0.06666666666666667 0.12133333333333333
0 0.4393333333333333 0.16999999999999998 0.12933333333333333 0.16933333333333334
0 0.5106666666666666 0.19 0.10933333333333332 0.14266666666666666
0 0.436 0.288 0.13866666666666666 0.09333333333333332
0 0.782 0.30333333333333334 0.10266666666666667 0.13733333333333334
0 0.6886666666666666 0.26666666666666666 0.092 0.10666666666666666
0 0.6819999999999999 0.42333333333333334 0.06266666666666666 0.19866666666666666
0 0.782 0.442 0.05733333333333333 0.11866666666666666
0 0.7066666666666667 0.4746666666666666 0.09066666666666666 0.08266666666666667
0 0.6013333333333333 0.306 0.09066666666666666 0.13999999999999999
0 0.598 0.33866666666666667 0.07866666666666666 0.2613333333333333
0 0.5106666666666666 0.31466666666666665 0.096 0.112
0 0.428 0.3486666666666667 0.104 0.06533333333333333
0 0.3793333333333333 0.37066666666666664 0.12666666666666665 0.12
0 0.33266666666666667 0.5833333333333333 0.06266666666666666 0.3133333333333333
0 0.3833333333333333 0.5246666666666666 0.04933333333333333 0.25466666666666665
0 0.434 0.5253333333333333 0.06 0.20533333333333334
0 0.42266666666666663 0.6773333333333333 0.072 0.16799999999999998
0 0.496 0.7026666666666667 0.09066666666666666 0.15733333333333333
0 0.4673333333333333 0.7786666666666666 0.10533333333333333 0.11733333333333333
0 0.5073333333333333 0.8486666666666667 0.08399999999999999 0.11333333333333333
0 0.49866666666666665 0.9179999999999999 0.13599999999999998 0.148
0 0.542 0.524 0.06799999999999999 0.208
0 0.49066666666666664 0.47 0.10133333333333333 0.156
0 0.6233333333333333 0.5826666666666667 0.132 0.09866666666666667
0 0.746 0.718 0.05733333333333333 0.10533333333333333
0 0.6826666666666666 0.6993333333333334 0.13333333333333333 0.10533333333333333
0 0.7553333333333333 0.8099999999999999 0.04933333333333333 0.08933333333333333
0 0.6406666666666666 0.7586666666666666 0.11066666666666666 0.104
0 0.5773333333333334 0.7466666666666666 0.064 0.16533333333333333
0 0.6913333333333334 0.8653333333333333 0.05733333333333333 0.13866666666666666
0 0.6433333333333333 0.9246666666666666 0.052 0.148
0 0.7206666666666667 0.346 0.07333333333333333 0.11599999999999999
