0 0.5421875 0.052500000000000005 0.171875 0.095
0 0.20703125 0.4758333333333334 0.1390625 0.24166666666666667
0 0.30781250000000004 0.5308333333333334 0.125 0.18833333333333335
0 0.434375 0.6591666666666667 0.1625 0.18833333333333335
0 0.3609375 0.29750000000000004 0.12812500000000002 0.2783333333333334
0 0.48046875 0.29583333333333334 0.1015625 0.2316666666666667
0 0.52890625 0.4091666666666667 0.0921875 0.23500000000000001
0 0.665625 0.22416666666666668 0.1 0.22166666666666668
0 0.67734375 0.3425 0.0765625 0.19166666666666668
0 0.8132812500000001 0.23 0.1484375 0.2
0 0.8226562500000001 0.6841666666666667 0.1390625 0.23500000000000001
0 0.5234375 0.8550000000000001 0.11875000000000001 0.19
0 0.70625 0.8475 0.1875 0.16833333333333333
0 0.26640625 0.8533333333333334 0.1640625 0.17
0 0.39140625 0.8625 0.1421875 0.17833333333333334
