0 0.366 0.012 0.056 0.024
0 0.378 0.107 0.092 0.042
0 0.399 0.14100000000000001 0.09 0.03
0 0.463 0.178 0.09 0.044
0 0.461 0.219 0.074 0.042
0 0.441 0.266 0.062 0.096
0 0.097 0.145 0.046 0.05
0 0.183 0.117 0.08600000000000001 0.026000000000000002
0 0.242 0.12 0.048 0.076
0 0.155 0.147 0.05 0.03
0 0.14300000000000002 0.152 0.046 0.056
0 0.214 0.179 0.116 0.022
0 0.19 0.169 0.028 0.07
0 0.11 0.221 0.076 0.038
0 0.131 0.242 0.07 0.04
0 0.14 0.28300000000000003 0.04 0.09
0 0.191 0.281 0.046 0.078
0 0.159 0.368 0.054 0.044
0 0.11 0.386 0.056 0.08
0 0.295 0.376 0.042 0.10400000000000001
0 0.233 0.324 0.042 0.096
0 0.044 0.227 0.028 0.07
0 0.02 0.264 0.032 0.068
0 0.033 0.296 0.054 0.048
0 0.032 0.334 0.06 0.036000000000000004
0 0.035 0.369 0.05 0.066
0 0.13 0.492 0.052000000000000005 0.076
0 0.096 0.55 0.052000000000000005 0.096
0 0.015 0.533 0.03 0.07
0 0.277 0.522 0.046 0.08
0 0.029 0.606 0.058 0.04
0 0.022 0.666 0.044 0.064
0 0.384 0.578 0.10400000000000001 0.06
0 0.485 0.546 0.074 0.076
0 0.314 0.442 0.048 0.07200000000000001
0 0.329 0.47800000000000004 0.03 0.088
0 0.376 0.47600000000000003 0.08 0.048
0 0.466 0.428 0.064 0.07200000000000001
0 0.376 0.455 0.08 0.03
0 0.186 0.6930000000000001 0.092 0.026000000000000002
0 0.044 0.739 0.056 0.054
0 0.049 0.774 0.062 0.024
0 0.115 0.756 0.082 0.032
0 0.278 0.711 0.032 0.062
0 0.25 0.728 0.056 0.044
0 0.259 0.798 0.058 0.064
0 0.20600000000000002 0.771 0.056 0.074
0 0.17400000000000002 0.764 0.048 0.052000000000000005
0 0.18 0.797 0.07200000000000001 0.038
0 0.152 0.792 0.096 0.036000000000000004
0 0.127 0.802 0.062 0.084
0 0.066 0.8 0.052000000000000005 0.044
0 0.091 0.84 0.08600000000000001 0.028
0 0.161 0.843 0.054 0.042
0 0.125 0.87 0.08600000000000001 0.048
0 0.198 0.859 0.04 0.034
0 0.23 0.873 0.068 0.038
0 0.195 0.905 0.046 0.066
0 0.381 0.77 0.038 0.08
0 0.519 0.778 0.11 0.06
0 0.384 0.8160000000000001 0.08 0.024
0 0.34500000000000003 0.833 0.034 0.03
0 0.378 0.855 0.088 0.03
0 0.47700000000000004 0.888 0.078 0.032
0 0.45 0.8320000000000001 0.064 0.052000000000000005
0 0.315 0.913 0.07 0.05
0 0.297 0.971 0.062 0.054
0 0.353 0.968 0.054 0.06
0 0.429 0.971 0.054 0.054
0 0.529 0.924 0.066 0.06
0 0.654 0.9400000000000001 0.07200000000000001 0.032
0 0.46 0.045 0.048 0.09
0 0.51 0.018000000000000002 0.08 0.028
0 0.542 0.034 0.076 0.036000000000000004
0 0.539 0.097 0.082 0.038
0 0.579 0.1 0.038 0.036000000000000004
0 0.639 0.117 0.05 0.074
0 0.583 0.149 0.106 0.042
0 0.595 0.271 0.066 0.042
0 0.512 0.324 0.068 0.084
0 0.61 0.318 0.084 0.07200000000000001
0 0.705 0.328 0.054 0.08
0 0.741 0.311 0.054 0.062
0 0.683 0.066 0.054 0.052000000000000005
0 0.679 0.122 0.034 0.06
0 0.741 0.145 0.054 0.046
0 0.761 0.12 0.062 0.048
0 0.8180000000000001 0.12 0.06 0.056
0 0.836 0.091 0.064 0.062
0 0.862 0.145 0.056 0.054
0 0.887 0.16 0.054 0.044
0 0.769 0.191 0.038 0.038
0 0.8250000000000001 0.184 0.058 0.028
0 0.8150000000000001 0.20800000000000002 0.042 0.028
0 0.65 0.437 0.076 0.042
0 0.603 0.516 0.042 0.084
0 0.729 0.504 0.09 0.028
0 0.808 0.513 0.06 0.046
0 0.755 0.531 0.078 0.042
0 0.68 0.5720000000000001 0.048 0.036000000000000004
0 0.656 0.631 0.04 0.078
0 0.6900000000000001 0.617 0.07200000000000001 0.058
0 0.729 0.592 0.03 0.064
0 0.759 0.5690000000000001 0.042 0.054
0 0.794 0.624 0.04 0.116
0 0.8310000000000001 0.619 0.046 0.094
0 0.753 0.673 0.114 0.038
0 0.714 0.742 0.036000000000000004 0.084
0 0.751 0.757 0.08600000000000001 0.03
0 0.47800000000000004 0.669 0.06 0.074
0 0.484 0.609 0.1 0.038
0 0.624 0.745 0.084 0.034
0 0.666 0.78 0.048 0.04
0 0.669 0.844 0.106 0.044
0 0.793 0.882 0.062 0.048
0 0.741 0.861 0.066 0.054
0 0.712 0.904 0.048 0.084
0 0.921 0.799 0.05 0.09
0 0.893 0.685 0.042 0.066
0 0.9490000000000001 0.669 0.042 0.074
0 0.908 0.593 0.036000000000000004 0.09
0 0.966 0.578 0.044 0.092
0 0.9490000000000001 0.623 0.046 0.05
0 0.791 0.322 0.042 0.088
0 0.81 0.24 0.064 0.024
0 0.884 0.311 0.028 0.074
0 0.892 0.23600000000000002 0.04 0.056
0 0.935 0.327 0.054 0.03
0 0.86 0.306 0.048 0.044
0 0.901 0.383 0.026000000000000002 0.074
0 0.911 0.464 0.042 0.06
0 0.97 0.29 0.036000000000000004 0.076
0 0.934 0.504 0.04 0.044
0 0.895 0.522 0.03 0.068
0 0.926 0.532 0.036000000000000004 0.044
0 0.977 0.425 0.038 0.074
0 0.9510000000000001 0.362 0.022 0.056
0 0.974 0.359 0.032 0.046
0 0.893 0.387 0.07 0.034
0 0.923 0.274 0.03 0.068
0 0.854 0.233 0.028 0.07
0 0.855 0.265 0.05 0.05
0 0.54 0.186 0.044 0.07200000000000001
0 0.9380000000000001 0.221 0.044 0.046
0 0.641 0.531 0.05 0.062
0 0.977 0.512 0.034 0.064
0 0.525 0.405 0.038 0.066
0 0.685 0.5750000000000001 0.058 0.038
0 0.9420000000000001 0.431 0.036000000000000004 0.07
0 0.674 0.17200000000000001 0.068 0.036000000000000004
0 0.8180000000000001 0.113 0.06 0.062
