0 0.47714285714285715 0.29285714285714287 0.09142857142857143 0.13428571428571429
0 0.36857142857142855 0.32 0.06857142857142857 0.10857142857142857
0 0.33285714285714285 0.35714285714285715 0.06571428571428571 0.10857142857142857
0 0.2814285714285714 0.42142857142857143 0.07142857142857142 0.12857142857142856
0 0.2985714285714286 0.44 0.11142857142857143 0.06285714285714286
0 0.4185714285714286 0.46285714285714286 0.1 0.11428571428571428
0 0.5357142857142857 0.35285714285714287 0.1457142857142857 0.07142857142857142
0 0.5871428571428572 0.37857142857142856 0.054285714285714284 0.11714285714285715
0 0.6028571428571429 0.45714285714285713 0.06857142857142857 0.13714285714285715
0 0.6628571428571428 0.38285714285714284 0.05714285714285714 0.18857142857142858
0 0.7142857142857143 0.36714285714285716 0.06857142857142857 0.18
0 0.71 0.4757142857142857 0.12857142857142856 0.06
0 0.7285714285714285 0.5414285714285715 0.08571428571428572 0.08285714285714285
0 0.7028571428571428 0.6071428571428571 0.06857142857142857 0.11142857142857143
0 0.6714285714285714 0.6414285714285715 0.05142857142857143 0.12285714285714286
0 0.5485714285714286 0.6971428571428572 0.045714285714285714 0.16
0 0.6128571428571429 0.6985714285714286 0.08857142857142856 0.11714285714285715
0 0.49714285714285716 0.7657142857142857 0.13142857142857142 0.08
0 0.48428571428571426 0.6514285714285715 0.06 0.12571428571428572
0 0.43 0.66 0.07142857142857142 0.18285714285714286
0 0.3985714285714286 0.6814285714285714 0.06 0.12285714285714286
0 0.3585714285714286 0.6585714285714286 0.054285714285714284 0.09428571428571429
0 0.3271428571428571 0.5814285714285714 0.07142857142857142 0.1457142857142857
