0 0.18125 0.251875 0.0925 0.09125
0 0.301875 0.275 0.11625 0.09
0 0.17625 0.348125 0.09 0.07625
0 0.22 0.41500000000000004 0.14 0.0725
0 0.124375 0.4375 0.051250000000000004 0.08750000000000001
0 0.125 0.52625 0.095 0.11
0 0.210625 0.51 0.11875000000000001 0.075
0 0.20875 0.59 0.07 0.1575
0 0.26687500000000003 0.60375 0.08375 0.16
0 0.325 0.41500000000000004 0.0675 0.165
0 0.41000000000000003 0.32625 0.115 0.105
0 0.42312500000000003 0.3875 0.11125 0.08
0 0.471875 0.45875 0.15125 0.0725
0 0.70625 0.291875 0.0925 0.14375000000000002
0 0.6637500000000001 0.47250000000000003 0.0825 0.1
0 0.765 0.395 0.06 0.14
0 0.83875 0.4175 0.095 0.155
0 0.613125 0.529375 0.06625 0.11875000000000001
0 0.615625 0.425 0.09125 0.125
0 0.514375 0.5906250000000001 0.11625 0.16125
0 0.38375000000000004 0.68625 0.1375 0.1325
0 0.43625 0.821875 0.14250000000000002 0.11125
0 0.5750000000000001 0.77375 0.155 0.0925
0 0.605 0.8425 0.17250000000000001 0.0725
0 0.6575 0.634375 0.08750000000000001 0.11625
