0 0.244 0.131 0.2 0.106
0 0.157 0.216 0.194 0.096
0 0.096 0.315 0.112 0.11800000000000001
0 0.214 0.27 0.128 0.112
0 0.23600000000000002 0.322 0.136 0.116
0 0.15 0.386 0.20400000000000001 0.07200000000000001
0 0.224 0.418 0.18 0.164
0 0.261 0.514 0.106 0.196
0 0.372 0.579 0.128 0.218
0 0.302 0.755 0.164 0.126
0 0.40700000000000003 0.715 0.198 0.11800000000000001
0 0.406 0.306 0.076 0.232
0 0.43 0.531 0.068 0.234
0 0.47100000000000003 0.455 0.08600000000000001 0.258
0 0.48 0.313 0.10400000000000001 0.218
0 0.454 0.117 0.132 0.182
0 0.521 0.078 0.126 0.156
0 0.608 0.125 0.136 0.23
0 0.6940000000000001 0.134 0.14 0.188
0 0.6930000000000001 0.257 0.114 0.218
0 0.784 0.26 0.176 0.10400000000000001
0 0.704 0.428 0.168 0.244
0 0.581 0.446 0.11800000000000001 0.364
0 0.8210000000000001 0.374 0.134 0.244
0 0.888 0.38 0.116 0.16
0 0.857 0.5 0.166 0.18
0 0.8140000000000001 0.6920000000000001 0.152 0.252
0 0.625 0.745 0.186 0.258
