0 0.2731829573934837 0.2744360902255639 0.06516290726817042 0.08270676691729323
0 0.2894736842105263 0.39473684210526316 0.07268170426065163 0.12280701754385964
0 0.16666666666666666 0.44360902255639095 0.07268170426065163 0.11027568922305764
0 0.2957393483709273 0.5175438596491228 0.10025062656641603 0.05263157894736842
0 0.3208020050125313 0.6165413533834586 0.12030075187969924 0.07017543859649122
0 0.2581453634085213 0.7030075187969924 0.045112781954887216 0.11779448621553884
0 0.45112781954887216 0.424812030075188 0.11027568922305764 0.10275689223057644
0 0.568922305764411 0.18295739348370926 0.07518796992481203 0.09523809523809523
0 0.32957393483709274 0.20050125313283207 0.03759398496240601 0.08020050125313283
0 0.39974937343358397 0.18295739348370926 0.08771929824561403 0.06015037593984962
0 0.48120300751879697 0.27192982456140347 0.06516290726817042 0.07769423558897243
0 0.5413533834586466 0.7731829573934836 0.09022556390977443 0.047619047619047616
0 0.6779448621553884 0.7305764411027569 0.12280701754385964 0.06265664160401002
0 0.40350877192982454 0.7656641604010025 0.045112781954887216 0.12280701754385964
0 0.3471177944862155 0.7694235588972431 0.042606516290726815 0.11027568922305764
0 0.3233082706766917 0.713032581453634 0.10526315789473684 0.03258145363408521
0 0.32456140350877194 0.6766917293233082 0.08270676691729323 0.05012531328320802
0 0.47243107769423553 0.6716791979949874 0.12280701754385964 0.05012531328320802
0 0.4649122807017544 0.6967418546365914 0.10275689223057644 0.05513784461152882
0 0.3358395989974937 0.2894736842105263 0.040100250626566414 0.10776942355889724
0 0.3621553884711779 0.23308270676691728 0.042606516290726815 0.12030075187969924
0 0.38345864661654133 0.3157894736842105 0.03007518796992481 0.14536340852130325
0 0.40852130325814534 0.32456140350877194 0.03508771929824561 0.14786967418546365
0 0.40977443609022557 0.25689223057644106 0.042606516290726815 0.09273182957393483
0 0.7343358395989974 0.2857142857142857 0.08020050125313283 0.05012531328320802
0 0.48621553884711777 0.20300751879699247 0.05012531328320802 0.06015037593984962
0 0.5288220551378446 0.19047619047619047 0.05012531328320802 0.08521303258145363
0 0.5789473684210527 0.2756892230576441 0.09022556390977443 0.06516290726817042
0 0.7192982456140351 0.3220551378446115 0.09022556390977443 0.05263157894736842
0 0.587719298245614 0.31453634085213034 0.10275689223057644 0.042606516290726815
0 0.6328320802005012 0.33959899749373434 0.09273182957393483 0.042606516290726815
0 0.7330827067669172 0.35463659147869675 0.08270676691729323 0.047619047619047616
0 0.5914786967418546 0.3634085213032581 0.07017543859649122 0.040100250626566414
0 0.5739348370927317 0.3822055137844611 0.06015037593984962 0.042606516290726815
0 0.5463659147869674 0.4348370927318296 0.06015037593984962 0.11278195488721804
0 0.600250626566416 0.4548872180451128 0.047619047619047616 0.05764411027568922
0 0.6228070175438596 0.48746867167919794 0.06766917293233082 0.047619047619047616
0 0.6290726817042607 0.4398496240601504 0.06015037593984962 0.06265664160401002
0 0.713032581453634 0.5025062656641603 0.05263157894736842 0.06766917293233082
0 0.744360902255639 0.40100250626566414 0.06015037593984962 0.05012531328320802
0 0.8032581453634084 0.48245614035087714 0.08270676691729323 0.08270676691729323
0 0.681704260651629 0.39473684210526316 0.07518796992481203 0.047619047619047616
0 0.7869674185463659 0.5789473684210527 0.040100250626566414 0.11528822055137844
0 0.49749373433583954 0.5401002506265664 0.09774436090225563 0.06766917293233082
0 0.5325814536340852 0.631578947368421 0.10776942355889724 0.05513784461152882
0 0.6190476190476191 0.600250626566416 0.07017543859649122 0.07769423558897243
0 0.6491228070175439 0.6290726817042607 0.06516290726817042 0.045112781954887216
0 0.6992481203007519 0.6240601503759398 0.07017543859649122 0.05012531328320802
0 0.6115288220551378 0.6729323308270676 0.08521303258145363 0.047619047619047616
0 0.7105263157894737 0.68796992481203 0.11278195488721804 0.05263157894736842
0 0.7105263157894737 0.6578947368421052 0.09273182957393483 0.047619047619047616
0 0.600250626566416 0.7481203007518796 0.07769423558897243 0.03258145363408521
0 0.5852130325814536 0.7205513784461153 0.07268170426065163 0.03258145363408521
0 0.5438596491228069 0.713032581453634 0.09523809523809523 0.06265664160401002
0 0.5902255639097744 0.5426065162907268 0.10275689223057644 0.047619047619047616
0 0.6177944862155388 0.6027568922305764 0.06766917293233082 0.08771929824561403
0 0.7280701754385964 0.56265664160401 0.08270676691729323 0.03759398496240601
0 0.6992481203007519 0.5902255639097744 0.07518796992481203 0.03258145363408521
0 0.7568922305764411 0.5827067669172932 0.06516290726817042 0.042606516290726815
0 0.7719298245614035 0.5075187969924811 0.06015037593984962 0.06265664160401002
0 0.7017543859649122 0.44360902255639095 0.06015037593984962 0.06015037593984962
0 0.656641604010025 0.4398496240601504 0.05012531328320802 0.05764411027568922
