0 0.16625 0.613125 0.0475 0.043750000000000004
0 0.169375 0.579375 0.06875 0.04125
0 0.5650000000000001 0.631875 0.11750000000000001 0.043750000000000004
0 0.36125 0.749375 0.14250000000000002 0.09375
0 0.60875 0.738125 0.135 0.07125000000000001
0 0.496875 0.841875 0.11125 0.10125
0 0.51875 0.400625 0.115 0.07375
0 0.588125 0.3075 0.07875 0.12
0 0.649375 0.34375 0.051250000000000004 0.1275
0 0.68875 0.309375 0.075 0.12625
0 0.7375 0.330625 0.0475 0.16125
0 0.800625 0.46 0.09125 0.1125
