0 0.668 0.089 0.148 0.17400000000000002
0 0.532 0.089 0.24 0.10200000000000001
0 0.10200000000000001 0.362 0.07200000000000001 0.108
0 0.198 0.229 0.216 0.158
0 0.496 0.328 0.092 0.2
0 0.646 0.231 0.228 0.074
0 0.23500000000000001 0.499 0.158 0.226
0 0.362 0.537 0.096 0.25
0 0.148 0.601 0.176 0.17
0 0.557 0.685 0.194 0.15
0 0.289 0.763 0.198 0.114
0 0.534 0.774 0.23600000000000002 0.084
0 0.79 0.352 0.248 0.096
0 0.769 0.461 0.278 0.122
0 0.6960000000000001 0.5730000000000001 0.252 0.082
