0 0.13537414965986394 0.1453781512605042 0.17551020408163265 0.16974789915966387
0 0.8789115646258503 0.14285714285714288 0.13061224489795917 0.25210084033613445
0 0.29115646258503397 0.22184873949579834 0.11428571428571428 0.12100840336134455
0 0.33741496598639453 0.1403361344537815 0.10884353741496598 0.12941176470588237
0 0.47210884353741495 0.28403361344537814 0.07891156462585033 0.18823529411764706
0 0.34285714285714286 0.31176470588235294 0.13877551020408163 0.11260504201680673
0 0.5136054421768708 0.12941176470588237 0.0965986394557823 0.18487394957983194
0 0.43061224489795913 0.08991596638655462 0.091156462585034 0.12941176470588237
0 0.5340136054421768 0.05630252100840336 0.1074829931972789 0.10588235294117648
0 0.6170068027210884 0.14873949579831933 0.08299319727891157 0.1596638655462185
0 0.7374149659863946 0.11932773109243698 0.13333333333333333 0.13109243697478992
0 0.7006802721088435 0.046218487394957986 0.10612244897959183 0.08571428571428572
0 0.7598639455782312 0.326890756302521 0.18367346938775508 0.1092436974789916
0 0.7761904761904761 0.46890756302521014 0.16462585034013605 0.1781512605042017
0 0.5020408163265305 0.538655462184874 0.2258503401360544 0.12605042016806722
0 0.30544217687074826 0.41680672268907565 0.24353741496598638 0.09747899159663866
0 0.33197278911564626 0.4420168067226891 0.07891156462585033 0.2050420168067227
0 0.2748299319727891 0.5403361344537816 0.13877551020408163 0.1865546218487395
0 0.08231292517006802 0.5915966386554622 0.11020408163265305 0.28571428571428575
0 0.09251700680272108 0.6008403361344539 0.182312925170068 0.1092436974789916
0 0.11428571428571428 0.7218487394957983 0.15782312925170067 0.16974789915966387
0 0.06258503401360543 0.823529411764706 0.12517006802721087 0.10420168067226891
0 0.17210884353741496 0.877310924369748 0.10476190476190475 0.21176470588235297
0 0.28299319727891153 0.8100840336134454 0.13605442176870747 0.20840336134453782
0 0.4170068027210884 0.6815126050420168 0.12108843537414965 0.17310924369747901
0 0.5238095238095237 0.8277310924369748 0.08435374149659863 0.3008403361344538
0 0.47823129251700675 0.823529411764706 0.20272108843537415 0.10420168067226891
0 0.7034013605442176 0.7184873949579832 0.09795918367346938 0.2571428571428572
0 0.9170068027210884 0.7823529411764706 0.06530612244897958 0.23361344537815126
0 0.883673469387755 0.7899159663865547 0.22176870748299318 0.13781512605042018
0 0.7829931972789115 0.8487394957983194 0.13741496598639455 0.12100840336134455
0 0.7619047619047619 0.9529411764705883 0.2204081632653061 0.09075630252100841
0 0.6224489795918366 0.8915966386554622 0.07210884353741497 0.21344537815126052
0 0.8605442176870748 0.9075630252100841 0.06666666666666667 0.18151260504201683
